=================================================================================================
                                              s01                                              
================================================================================================= 

Accuracy	Pre	Recall	F1
0.75 		 0.667 	 1.0 	 0.8
1.0 		 1.0 	 1.0 	 1.0
0.75 		 1.0 	 0.75 	 0.857
1.0 		 1.0 	 1.0 	 1.0
1.0 		 1.0 	 1.0 	 1.0
1.0 		 1.0 	 1.0 	 1.0
1.0 		 1.0 	 1.0 	 1.0
0.75 		 1.0 	 0.667 	 0.8
1.0 		 1.0 	 1.0 	 1.0
1.0 		 1.0 	 1.0 	 1.0
-------------------------------------------
0.925 		 0.967 	 0.942 	 0.946
=================================================================================================
                                              s02                                              
================================================================================================= 

Accuracy	Pre	Recall	F1
0.75 		 0.667 	 1.0 	 0.8
1.0 		 1.0 	 1.0 	 1.0
1.0 		 1.0 	 1.0 	 1.0
0.5 		 0.667 	 0.667 	 0.667
0.75 		 1.0 	 0.667 	 0.8
0.75 		 1.0 	 0.667 	 0.8
1.0 		 1.0 	 1.0 	 1.0
1.0 		 1.0 	 1.0 	 1.0
1.0 		 1.0 	 1.0 	 1.0
1.0 		 1.0 	 1.0 	 1.0
-------------------------------------------
0.875 		 0.933 	 0.9 	 0.907

=================================================================================================
                                              s03                                              
================================================================================================= 

Accuracy	Pre	Recall	F1
1.0 		 1.0 	 1.0 	 1.0
1.0 		 1.0 	 1.0 	 1.0
0.5 		 0.5 	 0.5 	 0.5
0.5 		 1.0 	 0.333 	 0.5
0.75 		 1.0 	 0.667 	 0.8
1.0 		 1.0 	 1.0 	 1.0
1.0 		 1.0 	 1.0 	 1.0
1.0 		 1.0 	 1.0 	 1.0
1.0 		 1.0 	 1.0 	 1.0
0.75 		 1.0 	 0.667 	 0.8
-------------------------------------------
0.85 		 0.95 	 0.817 	 0.86
=================================================================================================
                                              s04                                              
================================================================================================= 

Accuracy	Pre	Recall	F1
1.0 		 1.0 	 1.0 	 1.0
1.0 		 1.0 	 1.0 	 1.0
0.75 		 1.0 	 0.5 	 0.667
0.75 		 1.0 	 0.667 	 0.8
1.0 		 1.0 	 1.0 	 1.0
0.75 		 1.0 	 0.667 	 0.8
1.0 		 1.0 	 1.0 	 1.0
0.75 		 0.5 	 1.0 	 0.667
1.0 		 1.0 	 1.0 	 1.0
0.75 		 0.5 	 1.0 	 0.667
-------------------------------------------
0.875 		 0.9 	 0.884 	 0.86

=================================================================================================
                                              s05                                              
================================================================================================= 

Accuracy	Pre	Recall	F1
0.5 		 0.5 	 0.5 	 0.5
0.75 		 1.0 	 0.667 	 0.8
0.75 		 0.5 	 1.0 	 0.667
0.75 		 1.0 	 0.667 	 0.8
1.0 		 1.0 	 1.0 	 1.0
1.0 		 1.0 	 1.0 	 1.0
1.0 		 1.0 	 1.0 	 1.0
0.5 		 1.0 	 0.5 	 0.667
1.0 		 1.0 	 1.0 	 1.0
1.0 		 1.0 	 1.0 	 1.0
-------------------------------------------
0.825 		 0.90 	 0.833 	 0.843

=================================================================================================
                                              s06                                              
================================================================================================= 

Accuracy	Pre	Recall	F1
1.0 		 1.0 	 1.0 	 1.0
1.0 		 1.0 	 1.0 	 1.0
1.0 		 1.0 	 1.0 	 1.0
0.25 		 0.5 	 0.333 	 0.4
0.75 		 0.5 	 1.0 	 0.667
0.75 		 0.5 	 1.0 	 0.667
1.0 		 1.0 	 1.0 	 1.0
0.25 		 0.25 	 0.25 	 0.25
1.0 		 1.0 	 1.0 	 1.0
0.75 		 1.0 	 0.667 	 0.8
-------------------------------------------
0.775 		 0.775 	 0.825 	 0.778
=================================================================================================
                                              s07                                              
================================================================================================= 

Accuracy	Pre	Recall	F1
0.75 		 1.0 	 0.667 	 0.8
0.5 		 0.5 	 0.5 	 0.5
1.0 		 1.0 	 1.0 	 1.0
0.75 		 1.0 	 0.667 	 0.8
1.0 		 1.0 	 1.0 	 1.0
1.0 		 1.0 	 1.0 	 1.0
1.0 		 1.0 	 1.0 	 1.0
0.5 		 0.333 	 1.0 	 0.5
0.75 		 1.0 	 0.75 	 0.857
0.75 		 1.0 	 0.75 	 0.857
-------------------------------------------
0.8 		 0.883 	 0.833 	 0.831
=================================================================================================
                                              s08                                              
================================================================================================= 

Accuracy	Pre	Recall	F1
1.0 		 1.0 	 1.0 	 1.0
0.5 		 0.5 	 0.5 	 0.5
0.25 		 0.25 	 0.25 	 0.25
1.0 		 1.0 	 1.0 	 1.0
0.5 		 1.0 	 0.5 	 0.667
0.75 		 1.0 	 0.667 	 0.8
0.75 		 1.0 	 0.667 	 0.8
1.0 		 1.0 	 1.0 	 1.0
0.75 		 1.0 	 0.75 	 0.857
0.75 		 0.667 	 1.0 	 0.8
-------------------------------------------
0.725 		 0.842 	 0.733 	 0.767
=================================================================================================
                                              s09                                              
================================================================================================= 

Accuracy	Pre	Recall	F1
1.0 		 1.0 	 1.0 	 1.0
0.75 		 1.0 	 0.667 	 0.8
0.75 		 1.0 	 0.667 	 0.8
1.0 		 1.0 	 1.0 	 1.0
0.75 		 1.0 	 0.667 	 0.8
0.75 		 0.5 	 1.0 	 0.667
1.0 		 1.0 	 1.0 	 1.0
0.75 		 0.667 	 1.0 	 0.8
0.5 		 0.667 	 0.667 	 0.667
0.5 		 0.667 	 0.667 	 0.667
-------------------------------------------
0.775 		 0.85 	 0.833 	 0.82
=================================================================================================
                                              s10                                              
================================================================================================= 

Accuracy	Pre	Recall	F1
1.0 		 1.0 	 1.0 	 1.0
1.0 		 1.0 	 1.0 	 1.0
1.0 		 1.0 	 1.0 	 1.0
0.75 		 0.5 	 1.0 	 0.667
0.75 		 1.0 	 0.667 	 0.8
1.0 		 1.0 	 1.0 	 1.0
0.75 		 1.0 	 0.667 	 0.8
0.75 		 0.5 	 1.0 	 0.667
0.75 		 1.0 	 0.75 	 0.857
0.75 		 0.667 	 1.0 	 0.8
-------------------------------------------
0.85 		 0.867 	 0.908 	 0.859
=================================================================================================
                                              s11                                              
================================================================================================= 

Accuracy	Pre	Recall	F1
1.0 		 1.0 	 1.0 	 1.0
0.5 		 0.5 	 0.5 	 0.5
0.75 		 1.0 	 0.5 	 0.667
1.0 		 1.0 	 1.0 	 1.0
1.0 		 1.0 	 1.0 	 1.0
0.75 		 0.5 	 1.0 	 0.667
1.0 		 1.0 	 1.0 	 1.0
0.5 		 0.5 	 0.5 	 0.5
0.75 		 1.0 	 0.667 	 0.8
1.0 		 1.0 	 1.0 	 1.0
-------------------------------------------
0.825 		 0.85 	 0.817 	 0.813
=================================================================================================
                                              s12                                              
================================================================================================= 

Accuracy	Pre	Recall	F1
1.0 		 1.0 	 1.0 	 1.0
1.0 		 1.0 	 1.0 	 1.0
1.0 		 1.0 	 1.0 	 1.0
1.0 		 1.0 	 1.0 	 1.0
1.0 		 1.0 	 1.0 	 1.0
1.0 		 1.0 	 1.0 	 1.0
0.75 		 1.0 	 0.75 	 0.857
0.75 		 1.0 	 0.75 	 0.857
1.0 		 1.0 	 1.0 	 1.0
0.75 		 1.0 	 0.75 	 0.857
-------------------------------------------
0.925 		 1.0 	 0.925 	 0.957
=================================================================================================
                                              s13                                              
================================================================================================= 

Accuracy	Pre	Recall	F1
0.75 		 1.0 	 0.75 	 0.857
0.75 		 1.0 	 0.75 	 0.857
1.0 		 1.0 	 1.0 	 1.0
1.0 		 1.0 	 1.0 	 1.0
0.75 		 1.0 	 0.75 	 0.857
1.0 		 1.0 	 1.0 	 1.0
1.0 		 1.0 	 1.0 	 1.0
1.0 		 1.0 	 1.0 	 1.0
1.0 		 1.0 	 1.0 	 1.0
1.0 		 1.0 	 1.0 	 1.0
-------------------------------------------
0.925 		 1.0 	 0.925 	 0.957
=================================================================================================
                                              s14                                              
================================================================================================= 

Accuracy	Pre	Recall	F1
1.0 		 1.0 	 1.0 	 1.0
0.75 		 1.0 	 0.667 	 0.8
1.0 		 1.0 	 1.0 	 1.0
1.0 		 1.0 	 1.0 	 1.0
1.0 		 1.0 	 1.0 	 1.0
1.0 		 1.0 	 1.0 	 1.0
1.0 		 1.0 	 1.0 	 1.0
0.75 		 0.667 	 1.0 	 0.8
1.0 		 1.0 	 1.0 	 1.0
1.0 		 1.0 	 1.0 	 1.0
-------------------------------------------
0.95 		 0.967 	 0.967 	 0.96
=================================================================================================
                                              s15                                              
================================================================================================= 

Accuracy	Pre	Recall	F1
1.0 		 1.0 	 1.0 	 1.0
1.0 		 1.0 	 1.0 	 1.0
1.0 		 1.0 	 1.0 	 1.0
1.0 		 1.0 	 1.0 	 1.0
1.0 		 1.0 	 1.0 	 1.0
0.5 		 0.5 	 0.5 	 0.5
1.0 		 1.0 	 1.0 	 1.0
1.0 		 1.0 	 1.0 	 1.0
0.75 		 0.5 	 1.0 	 0.667
0.75 		 0.5 	 1.0 	 0.667
-------------------------------------------
0.9 		 0.85 	 0.95 	 0.883
=================================================================================================
                                              s16                                              
================================================================================================= 

Accuracy	Pre	Recall	F1
1.0 		 1.0 	 1.0 	 1.0
1.0 		 1.0 	 1.0 	 1.0
0.75 		 0.5 	 1.0 	 0.667
0.75 		 1.0 	 0.667 	 0.8
0.75 		 0.5 	 1.0 	 0.667
0.75 		 0.5 	 1.0 	 0.667
0.75 		 1.0 	 0.667 	 0.8
1.0 		 1.0 	 1.0 	 1.0
1.0 		 1.0 	 1.0 	 1.0
1.0 		 1.0 	 1.0 	 1.0
-------------------------------------------
0.875 		 0.85 	 0.933 	 0.86
=================================================================================================
                                              s17                                              
================================================================================================= 

Accuracy	Pre	Recall	F1
1.0 		 1.0 	 1.0 	 1.0
1.0 		 1.0 	 1.0 	 1.0
0.75 		 0.5 	 1.0 	 0.667
1.0 		 1.0 	 1.0 	 1.0
1.0 		 1.0 	 1.0 	 1.0
1.0 		 1.0 	 1.0 	 1.0
1.0 		 1.0 	 1.0 	 1.0
1.0 		 1.0 	 1.0 	 1.0
1.0 		 1.0 	 1.0 	 1.0
1.0 		 1.0 	 1.0 	 1.0
-------------------------------------------
0.975 		 0.95 	 1.0 	 0.967
=================================================================================================
                                              s18                                              
================================================================================================= 

Accuracy	Pre	Recall	F1
0.75 		 1.0 	 0.667 	 0.8
0.5 		 1.0 	 0.5 	 0.667
1.0 		 1.0 	 1.0 	 1.0
0.75 		 1.0 	 0.667 	 0.8
0.75 		 1.0 	 0.667 	 0.8
1.0 		 1.0 	 1.0 	 1.0
1.0 		 1.0 	 1.0 	 1.0
0.75 		 0.667 	 1.0 	 0.8
1.0 		 1.0 	 1.0 	 1.0
1.0 		 1.0 	 1.0 	 1.0
-------------------------------------------
0.85 		 0.967 	 0.85 	 0.887
=================================================================================================
                                              s19                                              
================================================================================================= 

Accuracy	Pre	Recall	F1
0.75 		 1.0 	 0.667 	 0.8
0.5 		 1.0 	 0.5 	 0.667
0.5 		 1.0 	 0.5 	 0.667
1.0 		 1.0 	 1.0 	 1.0
0.75 		 0.667 	 1.0 	 0.8
1.0 		 1.0 	 1.0 	 1.0
0.75 		 1.0 	 0.75 	 0.857
1.0 		 1.0 	 1.0 	 1.0
0.75 		 1.0 	 0.75 	 0.857
1.0 		 1.0 	 1.0 	 1.0
-------------------------------------------
0.8 		 0.967 	 0.817 	 0.865
=================================================================================================
                                              s20                                              
================================================================================================= 

Accuracy	Pre	Recall	F1
1.0 		 1.0 	 1.0 	 1.0
1.0 		 1.0 	 1.0 	 1.0
0.75 		 1.0 	 0.75 	 0.857
0.75 		 1.0 	 0.75 	 0.857
1.0 		 1.0 	 1.0 	 1.0
1.0 		 1.0 	 1.0 	 1.0
0.75 		 1.0 	 0.75 	 0.857
0.75 		 1.0 	 0.75 	 0.857
1.0 		 1.0 	 1.0 	 1.0
0.75 		 0.75 	 1.0 	 0.857
-------------------------------------------
0.875 		 0.975 	 0.9 	 0.929
=================================================================================================
                                              s21                                              
================================================================================================= 

Accuracy	Pre	Recall	F1
0.75 		 1.0 	 0.75 	 0.857
1.0 		 1.0 	 1.0 	 1.0
0.5 		 0.667 	 0.667 	 0.667
0.75 		 1.0 	 0.75 	 0.857
0.75 		 1.0 	 0.75 	 0.857
0.75 		 1.0 	 0.75 	 0.857
1.0 		 1.0 	 1.0 	 1.0
0.75 		 1.0 	 0.75 	 0.857
1.0 		 1.0 	 1.0 	 1.0
1.0 		 1.0 	 1.0 	 1.0
-------------------------------------------
0.825 		 0.967 	 0.842 	 0.895
=================================================================================================
                                              s22                                              
================================================================================================= 

Accuracy	Pre	Recall	F1
0.75 		 1.0 	 0.667 	 0.8
0.5 		 1.0 	 0.5 	 0.667
0.75 		 1.0 	 0.667 	 0.8
1.0 		 1.0 	 1.0 	 1.0
1.0 		 1.0 	 1.0 	 1.0
0.5 		 0.5 	 0.5 	 0.5
1.0 		 1.0 	 1.0 	 1.0
1.0 		 1.0 	 1.0 	 1.0
1.0 		 1.0 	 1.0 	 1.0
1.0 		 1.0 	 1.0 	 1.0
-------------------------------------------
0.85 		 0.95 	 0.833 	 0.877
=================================================================================================
                                              s23                                              
================================================================================================= 

Accuracy	Pre	Recall	F1
0.75 		 1.0 	 0.667 	 0.8
0.75 		 1.0 	 0.667 	 0.8
1.0 		 1.0 	 1.0 	 1.0
1.0 		 1.0 	 1.0 	 1.0
1.0 		 1.0 	 1.0 	 1.0
0.75 		 1.0 	 0.667 	 0.8
0.75 		 0.75 	 1.0 	 0.857
0.75 		 0.75 	 1.0 	 0.857
1.0 		 1.0 	 1.0 	 1.0
0.75 		 1.0 	 0.5 	 0.667
-------------------------------------------
0.85 		 0.95 	 0.85 	 0.878
=================================================================================================
                                              s24                                              
================================================================================================= 

Accuracy	Pre	Recall	F1
1.0 		 1.0 	 1.0 	 1.0
1.0 		 1.0 	 1.0 	 1.0
1.0 		 1.0 	 1.0 	 1.0
0.75 		 1.0 	 0.75 	 0.857
0.75 		 1.0 	 0.75 	 0.857
0.75 		 1.0 	 0.75 	 0.857
0.75 		 1.0 	 0.75 	 0.857
1.0 		 1.0 	 1.0 	 1.0
1.0 		 1.0 	 1.0 	 1.0
0.75 		 1.0 	 0.75 	 0.857
-------------------------------------------
0.875 		 1.0 	 0.875 	 0.929
=================================================================================================
                                              s25                                              
================================================================================================= 

Accuracy	Pre	Recall	F1
0.75 		 1.0 	 0.667 	 0.8
1.0 		 1.0 	 1.0 	 1.0
1.0 		 1.0 	 1.0 	 1.0
0.75 		 1.0 	 0.75 	 0.857
1.0 		 1.0 	 1.0 	 1.0
1.0 		 1.0 	 1.0 	 1.0
1.0 		 1.0 	 1.0 	 1.0
0.75 		 1.0 	 0.75 	 0.857
0.75 		 1.0 	 0.75 	 0.857
1.0 		 1.0 	 1.0 	 1.0
-------------------------------------------
0.9 		 1.0 	 0.892 	 0.937
=================================================================================================
                                              s26                                              
================================================================================================= 

Accuracy	Pre	Recall	F1
1.0 		 1.0 	 1.0 	 1.0
0.75 		 0.5 	 1.0 	 0.667
1.0 		 1.0 	 1.0 	 1.0
0.75 		 0.5 	 1.0 	 0.667
1.0 		 1.0 	 1.0 	 1.0
1.0 		 1.0 	 1.0 	 1.0
1.0 		 1.0 	 1.0 	 1.0
0.75 		 0.5 	 1.0 	 0.667
0.75 		 1.0 	 0.667 	 0.8
0.25 		 0.25	 0.25 	 0.25
-------------------------------------------
0.825 		 0.775 	 0.892 	 0.805
=================================================================================================
                                              s27                                              
================================================================================================= 

Accuracy	Pre	Recall	F1
1.0 		 1.0 	 1.0 	 1.0
0.75 		 1.0 	 0.667 	 0.8
0.75 		 1.0 	 0.667 	 0.8
1.0 		 1.0 	 1.0 	 1.0
1.0 		 1.0 	 1.0 	 1.0
1.0 		 1.0 	 1.0 	 1.0
0.75 		 1.0 	 0.75 	 0.857
1.0 		 1.0 	 1.0 	 1.0
0.5 		 0.667 	 0.667 	 0.667
1.0 		 1.0 	 1.0 	 1.0
-------------------------------------------
0.875 		 0.967 	 0.875 	 0.912
=================================================================================================
                                              s28                                              
================================================================================================= 

Accuracy	Pre	Recall	F1
1.0 		 1.0 	 1.0 	 1.0
0.75 		 1.0 	 0.5 	 0.667
0.75 		 0.5 	 1.0 	 0.667
1.0 		 1.0 	 1.0 	 1.0
1.0 		 1.0 	 1.0 	 1.0
0.75 		 1.0 	 0.667 	 0.8
0.75 		 1.0 	 0.667 	 0.8
1.0 		 1.0 	 1.0 	 1.0
1.0 		 1.0 	 1.0 	 1.0
0.75 		 1.0 	 0.667 	 0.8
-------------------------------------------
0.875 		 0.95 	 0.85 	 0.873
=================================================================================================
                                              s29                                              
================================================================================================= 

Accuracy	Pre	Recall	F1
1.0 		 1.0 	 1.0 	 1.0
1.0 		 1.0 	 1.0 	 1.0
0.75 		 1.0 	 0.667 	 0.8
1.0 		 1.0 	 1.0 	 1.0
1.0 		 1.0 	 1.0 	 1.0
0.5 		 0.667 	 0.667 	 0.667
0.5 		 0.667 	 0.667 	 0.667
1.0 		 1.0 	 1.0 	 1.0
0.75 		 1.0 	 0.75 	 0.857
1.0 		 1.0 	 1.0 	 1.0
-------------------------------------------
0.85 		 0.933 	 0.875 	 0.899
=================================================================================================
                                              s30                                              
================================================================================================= 

Accuracy	Pre	Recall	F1
0.75 		 0.5 	 1.0 	 0.667
1.0 		 1.0 	 1.0 	 1.0
1.0 		 1.0 	 1.0 	 1.0
1.0 		 1.0 	 1.0 	 1.0
1.0 		 1.0 	 1.0 	 1.0
1.0 		 1.0 	 1.0 	 1.0
1.0 		 1.0 	 1.0 	 1.0
0.75 		 0.5 	 1.0 	 0.667
1.0 		 1.0 	 1.0 	 1.0
0.75 		 1.0 	 0.667 	 0.8
-------------------------------------------
0.925 		 0.90 	 0.967 	 0.914
=================================================================================================
                                              s31                                              
================================================================================================= 

Accuracy	Pre	Recall	F1
1.0 		 1.0 	 1.0 	 1.0
1.0 		 1.0 	 1.0 	 1.0
0.75 		 0.5 	 1.0 	 0.667
1.0 		 1.0 	 1.0 	 1.0
1.0 		 1.0 	 1.0 	 1.0
0.5 		 0.5 	 0.5 	 0.5
1.0 		 1.0 	 1.0 	 1.0
1.0 		 1.0 	 1.0 	 1.0
1.0 		 1.0 	 1.0 	 1.0
0.75 		 1.0 	 0.667 	 0.8
-------------------------------------------
0.9 		 0.9 	 0.917 	 0.897
=================================================================================================
                                              s32                                              
================================================================================================= 

Accuracy	Pre	Recall	F1
0.75 		 1.0 	 0.667 	 0.8
0.5 		 1.0 	 0.5 	 0.667
0.75 		 1.0 	 0.667 	 0.8
1.0 		 1.0 	 1.0 	 1.0
1.0 		 1.0 	 1.0 	 1.0
1.0 		 1.0 	 1.0 	 1.0
1.0 		 1.0 	 1.0 	 1.0
1.0 		 1.0 	 1.0 	 1.0
1.0 		 1.0 	 1.0 	 1.0
1.0 		 1.0 	 1.0 	 1.0
-------------------------------------------
0.9 		 1.0 	 0.883 	 0.927