=================================================================================================
                                              s01                                              
================================================================================================= 

Accuracy	Pre	Recall	F1
0.75 		 0.667 	 0.556 	 0.6
1.0 		 1.0 	 1.0 	 1.0
0.5 		 0.5 	 0.444 	 0.389
1.0 		 1.0 	 1.0 	 1.0
0.75 		 0.75 	 0.625 	 0.667
0.75 		 0.75 	 0.625 	 0.667
0.5 		 0.5 	 0.25 	 0.333
0.5 		 0.5 	 0.375 	 0.417
0.75 		 0.75 	 0.625 	 0.667
0.75 		 0.667 	 0.5 	 0.556
-------------------------------------------
0.725 		 0.708 	 0.6 	 0.629
=================================================================================================
                                              s02                                              
================================================================================================= 

Accuracy	Pre	Recall	F1
0.5 		 0.333 	 0.167 	 0.222
0.5 		 0.333 	 0.167 	 0.222
0.75 		 0.667 	 0.556 	 0.6
0.5 		 0.5 	 0.5 	 0.444
0.75 		 0.667 	 0.556 	 0.6
0.75 		 0.667 	 0.5 	 0.556
0.5 		 0.5 	 0.333 	 0.375
1.0 		 1.0 	 1.0 	 1.0
0.5 		 0.5 	 0.375 	 0.417
0.75 		 0.75 	 0.625 	 0.667
-------------------------------------------
0.65 		 0.592 	 0.478 	 0.51
=================================================================================================
                                              s03                                              
================================================================================================= 

Accuracy	Pre	Recall	F1
0.75 		 0.75 	 0.833 	 0.733
1.0 		 1.0 	 1.0 	 1.0
0.5 		 0.375 	 0.375 	 0.375
0.5 		 0.5 	 0.5 	 0.5
0.5 		 0.333 	 0.167 	 0.222
0.75 		 0.667 	 0.5 	 0.556
1.0 		 1.0 	 1.0 	 1.0
1.0 		 1.0 	 1.0 	 1.0
0.75 		 0.667 	 0.556 	 0.6
0.75 		 0.667 	 0.5 	 0.556
-------------------------------------------
0.75 		 0.696 	 0.643 	 0.654
=================================================================================================
                                              s04                                              
================================================================================================= 

Accuracy	Pre	Recall	F1
0.75 		 0.667 	 0.5 	 0.556
0.5 		 0.333 	 0.167 	 0.222
0.75 		 0.667 	 0.5 	 0.556
0.75 		 0.667 	 0.556 	 0.6
1.0 		 1.0 	 1.0 	 1.0
1.0 		 1.0 	 1.0 	 1.0
0.5 		 0.375 	 0.375 	 0.375
0.5 		 0.333 	 0.167 	 0.222
0.75 		 0.667 	 0.556 	 0.6
0.75 		 0.667 	 0.556 	 0.6
-------------------------------------------
0.725 		 0.637 	 0.537 	 0.573

=================================================================================================
                                              s05                                              
================================================================================================= 

Accuracy	Pre	Recall	F1
0.5 		 0.5 	 0.375 	 0.417
0.5 		 0.5 	 0.333 	 0.375
0.75 		 0.75 	 0.625 	 0.667
0.5 		 0.5 	 0.25 	 0.333
0.5 		 0.5 	 0.333 	 0.375
0.5 		 0.5 	 0.333 	 0.375
0.75 		 0.75 	 0.625 	 0.667
0.5 		 0.5 	 0.5 	 0.5
1.0 		 1.0 	 1.0 	 1.0
0.75 		 0.5 	 0.5 	 0.5
-------------------------------------------
0.625 		 0.6 	 0.487 	 0.521

=================================================================================================
                                              s06                                              
================================================================================================= 

Accuracy	Pre	Recall	F1
1.0 		 1.0 	 1.0 	 1.0
1.0 		 1.0 	 1.0 	 1.0
0.75 		 0.5 	 0.5 	 0.5
0.5 		 0.333 	 0.222 	 0.267
0.5 		 0.5 	 0.25 	 0.333
1.0 		 1.0 	 1.0 	 1.0
0.25 		 0.167 	 0.111 	 0.133
0.5 		 0.5 	 0.333 	 0.375
0.5 		 0.5 	 0.333 	 0.375
0.75 		 0.75 	 0.625 	 0.667
-------------------------------------------
0.675 		 0.625 	 0.537 	 0.565
=================================================================================================
                                              s07                                              
================================================================================================= 

Accuracy	Pre	Recall	F1
0.5 		 0.5 	 0.333 	 0.375
0.5 		 0.5 	 0.375 	 0.417
0.75 		 0.667 	 0.556 	 0.6
0.5 		 0.333 	 0.167 	 0.222
0.75 		 0.667 	 0.556 	 0.6
0.75 		 0.5 	 0.5 	 0.5
1.0 		 1.0 	 1.0 	 1.0
0.75 		 0.5 	 0.5 	 0.5
0.5 		 0.333 	 0.333 	 0.333
1.0 		 1.0 	 1.0 	 1.0
-------------------------------------------
0.7 		 0.6 	 0.532 	 0.555
=================================================================================================
                                              s08                                              
================================================================================================= 

Accuracy	Pre	Recall	F1
0.25 		 0.25 	 0.25 	 0.25
0.75 		 0.5 	 0.5 	 0.5
0.75 		 0.5 	 0.5 	 0.5
0.5 		 0.5 	 0.375 	 0.417
0.75 		 0.75 	 0.625 	 0.667
0.25 		 0.25 	 0.125 	 0.167
0.75 		 0.75 	 0.625 	 0.667
0.75 		 0.75 	 0.625 	 0.667
0.75 		 0.75 	 0.625 	 0.667
0.75 		 0.5 	 0.5 	 0.5
-------------------------------------------
0.625 		 0.55 	 0.475 	 0.5
=================================================================================================
                                              s09                                              
================================================================================================= 

Accuracy	Pre	Recall	F1
1.0 		 1.0 	 1.0 	 1.0
0.5 		 0.5 	 0.375 	 0.417
0.5 		 0.5 	 0.333 	 0.375
0.5 		 0.5 	 0.375 	 0.417
0.5 		 0.5 	 0.25 	 0.333
0.5 		 0.5 	 0.333 	 0.389
0.25 		 0.167 	 0.111 	 0.133
0.5 		 0.5 	 0.375 	 0.417
1.0 		 1.0 	 1.0 	 1.0
1.0 		 1.0 	 1.0 	 1.0
-------------------------------------------
0.625 		 0.617 	 0.515 	 0.548
=================================================================================================
                                              s10                                              
================================================================================================= 

Accuracy	Pre	Recall	F1
0.5 		 0.5 	 0.25 	 0.333
1.0 		 1.0 	 1.0 	 1.0
0.75 		 0.75 	 0.625 	 0.667
1.0 		 1.0 	 1.0 	 1.0
0.75 		 0.75 	 0.625 	 0.667
0.75 		 0.75 	 0.625 	 0.667
1.0 		 1.0 	 1.0 	 1.0
1.0 		 1.0 	 1.0 	 1.0
0.75 		 0.75 	 0.625 	 0.667
1.0 		 1.0 	 1.0 	 1.0
-------------------------------------------
0.85 		 0.85 	 0.775 	 0.8
=================================================================================================
                                              s11                                              
================================================================================================= 

Accuracy	Pre	Recall	F1
0.75 		 0.833 	 0.833 	 0.778
0.75 		 0.667 	 0.5 	 0.556
0.75 		 0.5 	 0.5 	 0.5
0.5 		 0.333 	 0.167 	 0.222
0.5 		 0.5 	 0.333 	 0.389
1.0 		 1.0 	 1.0 	 1.0
0.75 		 0.75 	 0.625 	 0.667
0.5 		 0.5 	 0.375 	 0.417
0.5 		 0.5 	 0.25 	 0.333
0.75 		 0.75 	 0.625 	 0.667
-------------------------------------------
0.675 		 0.633 	 0.521 	 0.553
=================================================================================================
                                              s12                                              
================================================================================================= 

Accuracy	Pre	Recall	F1
0.75 		 0.667 	 0.5 	 0.556
1.0 		 1.0 	 1.0 	 1.0
1.0 		 1.0 	 1.0 	 1.0
0.75 		 0.667 	 0.5 	 0.556
0.75 		 0.75 	 0.833 	 0.733
1.0 		 1.0 	 1.0 	 1.0
1.0 		 1.0 	 1.0 	 1.0
0.75 		 0.5 	 0.667 	 0.556
0.75 		 0.667 	 0.5 	 0.556
0.5 		 0.5 	 0.333 	 0.375
-------------------------------------------
0.825 		 0.775 	 0.733 	 0.733
=================================================================================================
                                              s13                                              
================================================================================================= 

Accuracy	Pre	Recall	F1
0.5 		 0.5 	 0.444 	 0.389
0.5 		 0.5 	 0.444 	 0.389
1.0 		 1.0 	 1.0 	 1.0
1.0 		 1.0 	 1.0 	 1.0
1.0 		 1.0 	 1.0 	 1.0
0.5 		 0.333 	 0.222 	 0.267
0.75 		 0.667 	 0.556 	 0.6
0.5 		 0.667 	 0.444 	 0.5
0.75 		 0.667 	 0.556 	 0.6
0.75 		 0.667 	 0.5 	 0.556
-------------------------------------------
0.725 		 0.7 	 0.617 	 0.63
=================================================================================================
                                              s14                                              
================================================================================================= 

Accuracy	Pre	Recall	F1
0.75 		 0.667 	 0.556 	 0.6
0.5 		 0.375 	 0.375 	 0.333
0.25 		 0.25 	 0.125 	 0.167
0.25 		 0.25 	 0.062 	 0.1
0.75 		 0.75 	 0.625 	 0.667
1.0 		 1.0 	 1.0 	 1.0
0.75 		 0.667 	 0.556 	 0.6
0.5 		 0.5 	 0.444 	 0.389
1.0 		 1.0 	 1.0 	 1.0
0.5 		 0.5 	 0.333 	 0.389
-------------------------------------------
0.625 		 0.596 	 0.508 	 0.524
=================================================================================================
                                              s15                                              
================================================================================================= 

Accuracy	Pre	Recall	F1
0.5 		 0.5 	 0.375 	 0.417
1.0 		 1.0 	 1.0 	 1.0
0.75 		 0.75 	 0.625 	 0.667
0.75 		 0.75 	 0.625 	 0.667
0.75 		 0.75 	 0.625 	 0.667
0.75 		 0.75 	 0.625 	 0.667
0.75 		 0.75 	 0.625 	 0.667
0.25 		 0.25 	 0.125 	 0.167
0.75 		 0.75 	 0.625 	 0.667
0.5 		 0.5 	 0.5 	 0.444
-------------------------------------------
0.675 		 0.675 	 0.575 	 0.603
=================================================================================================
                                              s16                                              
================================================================================================= 

Accuracy	Pre	Recall	F1
1.0 		 1.0 	 1.0 	 1.0
1.0 		 1.0 	 1.0 	 1.0
0.75 		 0.833 	 0.833 	 0.778
0.75 		 0.667 	 0.556 	 0.6
1.0 		 1.0 	 1.0 	 1.0
0.25 		 0.25 	 0.25 	 0.25
0.75 		 0.75 	 0.625 	 0.667
1.0 		 1.0 	 1.0 	 1.0
1.0 		 1.0 	 1.0 	 1.0
0.75 		 0.75 	 0.625 	 0.667
-------------------------------------------
0.825 		 0.825 	 0.789 	 0.796
=================================================================================================
                                              s17                                              
================================================================================================= 

Accuracy	Pre	Recall	F1
1.0 		 1.0 	 1.0 	 1.0
0.75 		 0.75 	 0.625 	 0.667
0.75 		 0.75 	 0.625 	 0.667
0.75 		 0.75 	 0.625 	 0.667
0.75 		 0.75 	 0.625 	 0.667
0.75 		 0.75 	 0.625 	 0.667
0.75 		 0.833 	 0.833 	 0.778
0.75 		 0.833 	 0.833 	 0.778
1.0 		 1.0 	 1.0 	 1.0
0.75 		 0.5 	 0.5 	 0.5
-------------------------------------------
0.8 		 0.792 	 0.729 	 0.739
=================================================================================================
                                              s18                                              
================================================================================================= 

Accuracy	Pre	Recall	F1
0.75 		 0.75 	 0.625 	 0.667
0.5 		 0.5 	 0.333 	 0.375
0.5 		 0.5 	 0.333 	 0.375
0.25 		 0.125 	 0.25 	 0.167
1.0 		 1.0 	 1.0 	 1.0
0.75 		 0.5 	 0.5 	 0.5
1.0 		 1.0 	 1.0 	 1.0
1.0 		 1.0 	 1.0 	 1.0
0.75 		 0.667 	 0.556 	 0.6
1.0 		 1.0 	 1.0 	 1.0
-------------------------------------------
0.75 		 0.704 	 0.66 	 0.668
=================================================================================================
                                              s19                                              
================================================================================================= 

Accuracy	Pre	Recall	F1
1.0 		 1.0 	 1.0 	 1.0
0.5 		 0.333 	 0.333 	 0.333
0.5 		 0.5 	 0.333 	 0.389
0.5 		 0.5 	 0.5 	 0.444
0.75 		 0.833 	 0.833 	 0.778
1.0 		 1.0 	 1.0 	 1.0
0.5 		 0.5 	 0.333 	 0.375
0.5 		 0.5 	 0.333 	 0.375
0.75 		 0.667 	 0.556 	 0.6
0.75 		 0.667 	 0.556 	 0.6
-------------------------------------------
0.675 		 0.65 	 0.578 	 0.589
=================================================================================================
                                              s20                                              
================================================================================================= 

Accuracy	Pre	Recall	F1
0.75 		 0.75 	 0.625 	 0.667
0.5 		 0.5 	 0.333 	 0.375
0.5 		 0.5 	 0.333 	 0.375
1.0 		 1.0 	 1.0 	 1.0
0.75 		 0.75 	 0.833 	 0.733
1.0 		 1.0 	 1.0 	 1.0
0.75 		 0.75 	 0.833 	 0.733
0.75 		 0.667 	 0.5 	 0.556
0.75 		 0.667 	 0.556 	 0.6
0.75 		 0.667 	 0.556 	 0.6
-------------------------------------------
0.75 		 0.725 	 0.657 	 0.664
=================================================================================================
                                              s21                                              
================================================================================================= 

Accuracy	Pre	Recall	F1
0.5 		 0.5 	 0.25 	 0.333
0.75 		 0.667 	 0.556 	 0.6
0.25 		 0.125 	 0.083 	 0.1
0.75 		 0.667 	 0.556 	 0.6
0.25 		 0.167 	 0.111 	 0.133
0.75 		 0.667 	 0.556 	 0.6
0.5 		 0.5 	 0.25 	 0.333
0.75 		 0.75 	 0.833 	 0.733
1.0 		 1.0 	 1.0 	 1.0
0.5 		 0.25 	 0.25 	 0.25
-------------------------------------------
0.6 		 0.529 	 0.444 	 0.468
=================================================================================================
                                              s22                                              
================================================================================================= 

Accuracy	Pre	Recall	F1
0.75 		 0.667 	 0.556 	 0.6
0.5 		 0.5 	 0.333 	 0.389
1.0 		 1.0 	 1.0 	 1.0
0.5 		 0.375 	 0.375 	 0.333
0.25 		 0.25 	 0.083 	 0.125
0.75 		 0.75 	 0.625 	 0.667
0.75 		 0.75 	 0.625 	 0.667
1.0 		 1.0 	 1.0 	 1.0
0.75 		 0.75 	 0.625 	 0.667
0.5 		 0.5 	 0.333 	 0.375
-------------------------------------------
0.675 		 0.654 	 0.556 	 0.582
=================================================================================================
                                              s23                                              
================================================================================================= 

Accuracy	Pre	Recall	F1
0.75 		 0.667 	 0.5 	 0.556
1.0 		 1.0 	 1.0 	 1.0
1.0 		 1.0 	 1.0 	 1.0
0.75 		 0.667 	 0.556 	 0.6
0.75 		 0.667 	 0.556 	 0.6
1.0 		 1.0 	 1.0 	 1.0
1.0 		 1.0 	 1.0 	 1.0
0.5 		 0.333 	 0.333 	 0.333
1.0 		 1.0 	 1.0 	 1.0
1.0 		 1.0 	 1.0 	 1.0
-------------------------------------------
0.875 		 0.833 	 0.794 	 0.809
=================================================================================================
                                              s24                                              
================================================================================================= 

Accuracy	Pre	Recall	F1
1.0 		 1.0 	 1.0 	 1.0
1.0 		 1.0 	 1.0 	 1.0
1.0 		 1.0 	 1.0 	 1.0
0.75 		 0.667 	 0.556 	 0.6
0.75 		 0.667 	 0.556 	 0.6
1.0 		 1.0 	 1.0 	 1.0
0.75 		 0.667 	 0.5 	 0.556
0.75 		 0.667 	 0.556 	 0.6
0.75 		 0.833 	 0.833 	 0.778
0.75 		 0.667 	 0.556 	 0.6
-------------------------------------------
0.85 		 0.817 	 0.756 	 0.773
=================================================================================================
                                              s25                                              
================================================================================================= 

Accuracy	Pre	Recall	F1
1.0 		 1.0 	 1.0 	 1.0
0.5 		 0.25 	 0.25 	 0.25
0.75 		 0.833 	 0.833 	 0.778
1.0 		 1.0 	 1.0 	 1.0
0.5 		 0.667 	 0.333 	 0.444
0.25 		 0.25 	 0.083 	 0.125
1.0 		 1.0 	 1.0 	 1.0
1.0 		 1.0 	 1.0 	 1.0
0.75 		 0.667 	 0.5 	 0.556
1.0 		 1.0 	 1.0 	 1.0
-------------------------------------------
0.775 		 0.767 	 0.7 	 0.715
=================================================================================================
                                              s26                                              
================================================================================================= 

Accuracy	Pre	Recall	F1
1.0 		 1.0 	 1.0 	 1.0
1.0 		 1.0 	 1.0 	 1.0
0.5 		 0.5 	 0.5 	 0.5
1.0 		 1.0 	 1.0 	 1.0
0.75 		 0.667 	 0.5 	 0.556
1.0 		 1.0 	 1.0 	 1.0
1.0 		 1.0 	 1.0 	 1.0
0.75 		 0.667 	 0.5 	 0.556
1.0 		 1.0 	 1.0 	 1.0
0.75 		 0.75 	 0.625 	 0.667
-------------------------------------------
0.875 		 0.858 	 0.812 	 0.828
=================================================================================================
                                              s27                                              
================================================================================================= 

Accuracy	Pre	Recall	F1
0.75 		 0.667 	 0.556 	 0.6
1.0 		 1.0 	 1.0 	 1.0
0.75 		 0.667 	 0.5 	 0.556
0.75 		 0.667 	 0.556 	 0.6
0.75 		 0.667 	 0.5 	 0.556
1.0 		 1.0 	 1.0 	 1.0
0.75 		 0.5 	 0.375 	 0.429
0.75 		 0.5 	 0.375 	 0.429
0.75 		 0.5 	 0.375 	 0.429
0.75 		 0.5 	 0.375 	 0.429
-------------------------------------------
0.8 		 0.667 	 0.561 	 0.603
=================================================================================================
                                              s28                                              
================================================================================================= 

Accuracy	Pre	Recall	F1
1.0 		 1.0 	 1.0 	 1.0
0.75 		 0.667 	 0.556 	 0.6
0.5 		 0.5 	 0.5 	 0.5
1.0 		 1.0 	 1.0 	 1.0
0.75 		 0.667 	 0.5 	 0.556
1.0 		 1.0 	 1.0 	 1.0
0.75 		 0.667 	 0.556 	 0.6
0.5 		 0.5 	 0.333 	 0.375
0.5 		 0.5 	 0.375 	 0.417
0.75 		 0.75 	 0.625 	 0.667
-------------------------------------------
0.75 		 0.725 	 0.644 	 0.671
=================================================================================================
                                              s29                                              
================================================================================================= 

Accuracy	Pre	Recall	F1
0.5 		 0.5 	 0.5 	 0.5
0.75 		 0.667 	 0.556 	 0.6
0.75 		 0.667 	 0.556 	 0.6
0.75 		 0.667 	 0.556 	 0.6
0.75 		 0.667 	 0.556 	 0.6
0.75 		 0.75 	 0.625 	 0.667
0.5 		 0.5 	 0.333 	 0.375
0.75 		 0.667 	 0.5 	 0.556
0.5 		 0.333 	 0.222 	 0.267
0.75 		 0.667 	 0.556 	 0.6
-------------------------------------------
0.675 		 0.608 	 0.496 	 0.536

=================================================================================================
                                              s30                                              
================================================================================================= 

Accuracy	Pre	Recall	F1
1.0 		 1.0 	 1.0 	 1.0
0.75 		 0.75 	 0.625 	 0.667
0.75 		 0.75 	 0.625 	 0.667
1.0 		 1.0 	 1.0 	 1.0
1.0 		 1.0 	 1.0 	 1.0
1.0 		 1.0 	 1.0 	 1.0
1.0 		 1.0 	 1.0 	 1.0
1.0 		 1.0 	 1.0 	 1.0
0.75 		 0.667 	 0.556 	 0.6
0.5 		 0.333 	 0.167 	 0.222
-------------------------------------------
0.875 		 0.85 	 0.797 	 0.816
=================================================================================================
                                              s31                                              
================================================================================================= 

Accuracy	Pre	Recall	F1
0.75 		 0.667 	 0.556 	 0.6
0.5 		 0.5 	 0.333 	 0.389
1.0 		 1.0 	 1.0 	 1.0
0.75 		 0.833 	 0.833 	 0.778
0.75 		 0.667 	 0.556 	 0.6
0.75 		 0.667 	 0.556 	 0.6
0.5 		 0.5 	 0.444 	 0.389
0.5 		 0.375 	 0.375 	 0.333
0.75 		 0.75 	 0.625 	 0.667
0.75 		 0.75 	 0.625 	 0.667
-------------------------------------------
0.7 		 0.671 	 0.59 	 0.602

=================================================================================================
                                              s32                                              
================================================================================================= 

Accuracy	Pre	Recall	F1
0.75 		 0.667 	 0.556 	 0.6
0.25 		 0.125 	 0.125 	 0.125
0.5 		 0.25 	 0.25 	 0.25
0.75 		 0.667 	 0.5 	 0.556
0.75 		 0.833 	 0.833 	 0.778
1.0 		 1.0 	 1.0 	 1.0
0.75 		 0.833 	 0.833 	 0.778
0.5 		 0.5 	 0.333 	 0.375
0.75 		 0.75 	 0.625 	 0.667
0.75 		 0.75 	 0.625 	 0.667
-------------------------------------------
0.675 		 0.637 	 0.568 	 0.579