=================================================================================================
                                              Valence                                             
================================================================================================= 

Accuracy     Pre     Recall  F1
0.975 		 1.0 	 0.967 	 0.98
0.875 		 0.85 	 0.933 	 0.86
0.825 		 0.85 	 0.85 	 0.823
0.85 		 0.80 	 0.917 	 0.830
0.925 		 0.917 	 0.967 	 0.927
0.875 		 1.0 	 0.875 	 0.929
0.825 		 0.9 	 0.883 	 0.878
0.925 		 1.0 	 0.908 	 0.946
0.85 		 0.95 	 0.833 	 0.877
0.95 		 0.95 	 0.967 	 0.947
0.9 		 0.917 	 0.917 	 0.91
0.85 		 0.783 	 0.967 	 0.83
0.9 		 0.85 	 0.95 	 0.867
0.875 		 0.8 	 0.967 	 0.847
0.975 		 0.95 	 1.0 	 0.967
0.925 		 0.9 	 0.95 	 0.9
0.85 		 0.917 	 0.867 	 0.88
0.875 		 0.883 	 0.933 	 0.893
0.85 		 0.817 	 0.942 	 0.852
0.975 		 1.0 	 0.967 	 0.98
0.85 		 0.9 	 0.867 	 0.853
0.9 		 0.8 	 0.9 	 0.833
0.875 		 0.9 	 0.933 	 0.89
0.925 		 0.95 	 0.917 	 0.93
0.85 		 0.85 	 0.8 	 0.807
0.9 		 0.967 	 0.908 	 0.926
0.9 		 0.967 	 0.925 	 0.937
0.925 		 0.967 	 0.942 	 0.946
0.975 		 1.0 	 0.967 	 0.98
0.975 		 1.0 	 0.967 	 0.98
0.85 		 0.9 	 0.875 	 0.859
0.825 		 0.75 	 0.917 	 0.797


Overall mean accuracy: %

=================================================================================================
                                              Arousal                                           
================================================================================================= 

Accuracy     Pre     Recall  F1
0.925 		 0.967 	 0.942 	 0.946
0.875 		 0.933 	 0.9 	 0.907
0.85 		 0.5 	 0.433 	 0.45
0.875 		 0.8 	 0.817 	 0.78
0.825 		 0.85 	 0.783 	 0.793
0.775 		 0.75 	 0.8 	 0.753
0.8 		 0.883 	 0.833 	 0.831
0.725 		 0.817 	 0.708 	 0.742
0.775 		 0.85 	 0.833 	 0.82
0.85 		 0.867 	 0.908 	 0.859
0.825 		 0.75 	 0.717 	 0.713
0.925 		 1.0 	 0.925 	 0.957
0.925 		 1.0 	 0.925 	 0.957
0.95 		 0.967 	 0.967 	 0.96
0.9 		 0.8 	 0.9 	 0.833
0.875 		 0.85 	 0.933 	 0.86
0.975 		 0.95 	 1.0 	 0.967
0.85 		 0.967 	 0.85 	 0.887
0.8 		 0.967 	 0.817 	 0.865
0.875 		 0.975 	 0.9 	 0.929
0.825 		 0.967 	 0.842 	 0.895
0.85 		 0.95 	 0.833 	 0.877
0.85 		 0.5 	 0.45 	 0.467
0.875 		 1.0 	 0.875 	 0.929
0.9 		 1.0 	 0.892 	 0.937
0.825 		 0.7 	 0.767 	 0.713
0.875 		 0.967 	 0.875 	 0.912
0.875 		 0.95 	 0.85 	 0.873
0.85 		 0.933 	 0.875 	 0.899
0.925 		 0.85 	 0.867 	 0.847
0.9 		 0.9 	 0.917 	 0.897
0.9 		 1.0 	 0.883 	 0.927

overall accuracy %

=================================================================================================
                                            Four class                                              
================================================================================================= 

Accuracy     Pre     Recall  F1
0.725 		 0.708 	 0.6 	 0.629
0.65 		 0.592 	 0.478 	 0.51
0.75 		 0.696 	 0.643 	 0.654
0.725 		 0.637 	 0.537 	 0.573
0.625 		 0.6 	 0.487 	 0.521
0.675 		 0.625 	 0.537 	 0.565
0.7 		 0.6 	 0.532 	 0.555
0.625 		 0.55 	 0.475 	 0.5
0.625 		 0.617 	 0.515 	 0.548
0.85 		 0.85 	 0.775 	 0.8
0.675 		 0.633 	 0.521 	 0.553
0.825 		 0.775 	 0.733 	 0.733
0.725 		 0.7 	 0.617 	 0.63
0.625 		 0.596 	 0.508 	 0.524
0.675 		 0.675 	 0.575 	 0.603
0.825 		 0.825 	 0.789 	 0.796
0.8 		 0.792 	 0.729 	 0.739
0.75 		 0.704 	 0.66 	 0.668
0.675 		 0.65 	 0.578 	 0.589
0.75 		 0.725 	 0.657 	 0.664
0.6 		 0.529 	 0.444 	 0.468
0.675 		 0.654 	 0.556 	 0.582
0.875 		 0.833 	 0.794 	 0.809
0.85 		 0.817 	 0.756 	 0.773
0.775 		 0.767 	 0.7 	 0.715
0.875 		 0.858 	 0.812 	 0.828
0.8 		 0.667 	 0.561 	 0.603
0.75 		 0.725 	 0.644 	 0.671
0.675 		 0.608 	 0.496 	 0.536
0.875 		 0.85 	 0.797 	 0.816
0.7 		 0.671 	 0.59 	 0.602
0.675 		 0.637 	 0.568 	 0.579


Overall mean accuracy: %