=================================================================================================
                                              s01                                              
================================================================================================= 

Accuracy	Pre	Recall	F1
1.0 		 1.0 	 1.0 	 1.0
1.0 		 1.0 	 1.0 	 1.0
1.0 		 1.0 	 1.0 	 1.0
1.0 		 1.0 	 1.0 	 1.0
1.0 		 1.0 	 1.0 	 1.0
1.0 		 1.0 	 1.0 	 1.0
0.75 		 1.0 	 0.667 	 0.8
1.0 		 1.0 	 1.0 	 1.0
1.0 		 1.0 	 1.0 	 1.0
1.0 		 1.0 	 1.0 	 1.0
-------------------------------------------
0.975 		 1.0 	 0.967 	 0.98
=================================================================================================
                                              s02                                              
================================================================================================= 

Accuracy	Pre	Recall	F1
1.0 		 1.0 	 1.0 	 1.0
1.0 		 1.0 	 1.0 	 1.0
1.0 		 1.0 	 1.0 	 1.0
0.75 		 0.5 	 1.0 	 0.667
0.75 		 0.5 	 1.0 	 0.667
1.0 		 1.0 	 1.0 	 1.0
0.75 		 1.0 	 0.667 	 0.8
0.75 		 1.0 	 0.667 	 0.8
1.0 		 1.0 	 1.0 	 1.0
0.75 		 0.5 	 1.0 	 0.667
-------------------------------------------
0.875 		 0.85 	 0.933 	 0.86
=================================================================================================
                                              s03                                              
================================================================================================= 

Accuracy	Pre	Recall	F1
0.75 		 0.5 	 1.0 	 0.667
0.75 		 1.0 	 0.667 	 0.8
0.75 		 1.0 	 0.667 	 0.8
0.5 		 0.5 	 0.5 	 0.5
0.75 		 0.5 	 1.0 	 0.667
0.75 		 1.0 	 0.667 	 0.8
1.0 		 1.0 	 1.0 	 1.0
1.0 		 1.0 	 1.0 	 1.0
1.0 		 1.0 	 1.0 	 1.0
1.0 		 1.0 	 1.0 	 1.0
-------------------------------------------
0.825 		 0.85 	 0.85 	 0.823

=================================================================================================
                                              s04                                              
================================================================================================= 

Accuracy	Pre	Recall	F1
0.5 		 0.5 	 0.5 	 0.5
0.75 		 0.5 	 1.0 	 0.667
0.75 		 0.5 	 1.0 	 0.667
1.0 		 1.0 	 1.0 	 1.0
1.0 		 1.0 	 1.0 	 1.0
0.75 		 0.5 	 1.0 	 0.667
1.0 		 1.0 	 1.0 	 1.0
0.75 		 1.0 	 0.667 	 0.8
1.0 		 1.0 	 1.0 	 1.0
1.0 		 1.0 	 1.0 	 1.0
-------------------------------------------
0.85 		 0.80 	 0.917 	 0.830
=================================================================================================
                                              s05                                              
================================================================================================= 

Accuracy	Pre	Recall	F1
1.0 		 1.0 	 1.0 	 1.0
1.0 		 1.0 	 1.0 	 1.0
1.0 		 1.0 	 1.0 	 1.0
0.75 		 0.667 	 1.0 	 0.8
1.0 		 1.0 	 1.0 	 1.0
1.0 		 1.0 	 1.0 	 1.0
1.0 		 1.0 	 1.0 	 1.0
0.75 		 0.5 	 1.0 	 0.667
0.75 		 1.0 	 0.667 	 0.8
1.0 		 1.0 	 1.0 	 1.0
-------------------------------------------
0.925 		 0.917 	 0.967 	 0.927

=================================================================================================
                                              s06                                              
================================================================================================= 

Accuracy	Pre	Recall	F1
1.0 		 1.0 	 1.0 	 1.0
0.75 		 1.0 	 0.75 	 0.857
0.75 		 1.0 	 0.75 	 0.857
0.75 		 1.0 	 0.75 	 0.857
0.75 		 1.0 	 0.75 	 0.857
1.0 		 1.0 	 1.0 	 1.0
0.75 		 1.0 	 0.75 	 0.857
1.0 		 1.0 	 1.0 	 1.0
1.0 		 1.0 	 1.0 	 1.0
1.0 		 1.0 	 1.0 	 1.0
-------------------------------------------
0.875 		 1.0 	 0.875 	 0.929
=================================================================================================
                                              s07                                              
================================================================================================= 

Accuracy	Pre	Recall	F1
1.0 		 1.0 	 1.0 	 1.0
0.75 		 1.0 	 0.667 	 0.8
1.0 		 1.0 	 1.0 	 1.0
0.75 		 0.667 	 1.0 	 0.8
0.75 		 0.667 	 1.0 	 0.8
0.75 		 1.0 	 0.75 	 0.857
0.5 		 0.667 	 0.667 	 0.667
1.0 		 1.0 	 1.0 	 1.0
0.75 		 1.0 	 0.75 	 0.857
1.0 		 1.0 	 1.0 	 1.0
-------------------------------------------
0.825 		 0.9 	 0.883 	 0.878
=================================================================================================
                                              s08                                              
================================================================================================= 

Accuracy	Pre	Recall	F1
1.0 		 1.0 	 1.0 	 1.0
0.75 		 1.0 	 0.667 	 0.8
1.0 		 1.0 	 1.0 	 1.0
1.0 		 1.0 	 1.0 	 1.0
1.0 		 1.0 	 1.0 	 1.0
1.0 		 1.0 	 1.0 	 1.0
1.0 		 1.0 	 1.0 	 1.0
0.75 		 1.0 	 0.667 	 0.8
1.0 		 1.0 	 1.0 	 1.0
0.75 		 1.0 	 0.75 	 0.857
-------------------------------------------
0.925 		 1.0 	 0.908 	 0.946
=================================================================================================
                                              s09                                              
================================================================================================= 

Accuracy	Pre	Recall	F1
1.0 		 1.0 	 1.0 	 1.0
1.0 		 1.0 	 1.0 	 1.0
0.75 		 1.0 	 0.667 	 0.8
0.5 		 1.0 	 0.5 	 0.667
1.0 		 1.0 	 1.0 	 1.0
0.75 		 1.0 	 0.667 	 0.8
0.5 		 0.5 	 0.5 	 0.5
1.0 		 1.0 	 1.0 	 1.0
1.0 		 1.0 	 1.0 	 1.0
1.0 		 1.0 	 1.0 	 1.0
-------------------------------------------
0.85 		 0.95 	 0.833 	 0.877
=================================================================================================
                                              s10                                              
================================================================================================= 

Accuracy	Pre	Recall	F1
0.75 		 0.5 	 1.0 	 0.667
1.0 		 1.0 	 1.0 	 1.0
1.0 		 1.0 	 1.0 	 1.0
0.75 		 1.0 	 0.667 	 0.8
1.0 		 1.0 	 1.0 	 1.0
1.0 		 1.0 	 1.0 	 1.0
1.0 		 1.0 	 1.0 	 1.0
1.0 		 1.0 	 1.0 	 1.0
1.0 		 1.0 	 1.0 	 1.0
1.0 		 1.0 	 1.0 	 1.0
-------------------------------------------
0.95 		 0.95 	 0.967 	 0.947
=================================================================================================
                                              s11                                              
================================================================================================= 

Accuracy	Pre	Recall	F1
1.0 		 1.0 	 1.0 	 1.0
0.75 		 0.667 	 1.0 	 0.8
1.0 		 1.0 	 1.0 	 1.0
1.0 		 1.0 	 1.0 	 1.0
0.5 		 0.5 	 0.5 	 0.5
1.0 		 1.0 	 1.0 	 1.0
1.0 		 1.0 	 1.0 	 1.0
1.0 		 1.0 	 1.0 	 1.0
0.75 		 1.0 	 0.667 	 0.8
1.0 		 1.0 	 1.0 	 1.0
-------------------------------------------
0.9 		 0.917 	 0.917 	 0.91
=================================================================================================
                                              s12                                              
================================================================================================= 

Accuracy	Pre	Recall	F1
0.5 		 0.333 	 1.0 	 0.5
0.75 		 1.0 	 0.667 	 0.8
0.75 		 0.5 	 1.0 	 0.667
1.0 		 1.0 	 1.0 	 1.0
0.75 		 0.5 	 1.0 	 0.667
1.0 		 1.0 	 1.0 	 1.0
0.75 		 0.5 	 1.0 	 0.667
1.0 		 1.0 	 1.0 	 1.0
1.0 		 1.0 	 1.0 	 1.0
1.0 		 1.0 	 1.0 	 1.0
-------------------------------------------
0.85 		 0.783 	 0.967 	 0.83
=================================================================================================
                                              s13                                              
================================================================================================= 

Accuracy	Pre	Recall	F1
1.0 		 1.0 	 1.0 	 1.0
0.75 		 0.5 	 1.0 	 0.667
1.0 		 1.0 	 1.0 	 1.0
1.0 		 1.0 	 1.0 	 1.0
1.0 		 1.0 	 1.0 	 1.0
1.0 		 1.0 	 1.0 	 1.0
0.75 		 0.5 	 1.0 	 0.667
0.75 		 1.0 	 0.5 	 0.667
0.75 		 0.5 	 1.0 	 0.667
1.0 		 1.0 	 1.0 	 1.0
-------------------------------------------
0.9 		 0.85 	 0.95 	 0.867
=================================================================================================
                                              s14                                              
================================================================================================= 

Accuracy	Pre	Recall	F1
1.0 		 1.0 	 1.0 	 1.0
0.75 		 0.5 	 1.0 	 0.667
1.0 		 1.0 	 1.0 	 1.0
1.0 		 1.0 	 1.0 	 1.0
0.75 		 0.5 	 1.0 	 0.667
0.75 		 0.5 	 1.0 	 0.667
1.0 		 1.0 	 1.0 	 1.0
0.75 		 0.5 	 1.0 	 0.667
1.0 		 1.0 	 1.0 	 1.0
0.75 		 1.0 	 0.667 	 0.8
-------------------------------------------
0.875 		 0.8 	 0.967 	 0.847
=================================================================================================
                                              s15                                              
================================================================================================= 

Accuracy	Pre	Recall	F1
1.0 		 1.0 	 1.0 	 1.0
1.0 		 1.0 	 1.0 	 1.0
0.75 		 0.5 	 1.0 	 0.667
1.0 		 1.0 	 1.0 	 1.0
1.0 		 1.0 	 1.0 	 1.0
1.0 		 1.0 	 1.0 	 1.0
1.0 		 1.0 	 1.0 	 1.0
1.0 		 1.0 	 1.0 	 1.0
1.0 		 1.0 	 1.0 	 1.0
1.0 		 1.0 	 1.0 	 1.0
-------------------------------------------
0.975 		 0.95 	 1.0 	 0.967
=================================================================================================
                                              s16                                              
================================================================================================= 

Accuracy	Pre	Recall	F1
1.0 		 1.0 	 1.0 	 1.0
1.0 		 1.0 	 1.0 	 1.0
1.0 		 1.0 	 1.0 	 1.0
0.75 		 1.0 	 0.5 	 0.667
1.0 		 1.0 	 1.0 	 1.0
1.0 		 1.0 	 1.0 	 1.0
1.0 		 1.0 	 1.0 	 1.0
1.0 		 1.0 	 1.0 	 1.0
0.75 		 0.5 	 1.0 	 0.667
0.75 		 0.5 	 1.0 	 0.667
-------------------------------------------
0.925 		 0.9 	 0.95 	 0.9
=================================================================================================
                                              s17                                              
================================================================================================= 

Accuracy	Pre	Recall	F1
1.0 		 1.0 	 1.0 	 1.0
1.0 		 1.0 	 1.0 	 1.0
1.0 		 1.0 	 1.0 	 1.0
0.75 		 1.0 	 0.667 	 0.8
0.75 		 1.0 	 0.667 	 0.8
1.0 		 1.0 	 1.0 	 1.0
0.25 		 0.5 	 0.333 	 0.4
1.0 		 1.0 	 1.0 	 1.0
0.75 		 0.667 	 1.0 	 0.8
1.0 		 1.0 	 1.0 	 1.0
-------------------------------------------
0.85 		 0.917 	 0.867 	 0.88
=================================================================================================
                                              s18                                              
================================================================================================= 

Accuracy	Pre	Recall	F1
1.0 		 1.0 	 1.0 	 1.0
0.75 		 0.667 	 1.0 	 0.8
1.0 		 1.0 	 1.0 	 1.0
0.5 		 0.667 	 0.667 	 0.667
0.75 		 1.0 	 0.667 	 0.8
1.0 		 1.0 	 1.0 	 1.0
1.0 		 1.0 	 1.0 	 1.0
1.0 		 1.0 	 1.0 	 1.0
1.0 		 1.0 	 1.0 	 1.0
0.75 		 0.5 	 1.0 	 0.667
-------------------------------------------
0.875 		 0.883 	 0.933 	 0.893
=================================================================================================
                                              s19                                              
================================================================================================= 

Accuracy	Pre	Recall	F1
1.0 		 1.0 	 1.0 	 1.0
0.75 		 0.5 	 1.0 	 0.667
1.0 		 1.0 	 1.0 	 1.0
1.0 		 1.0 	 1.0 	 1.0
0.75 		 0.5 	 1.0 	 0.667
1.0 		 1.0 	 1.0 	 1.0
0.75 		 0.5 	 1.0 	 0.667
0.5 		 0.667 	 0.667 	 0.667
0.75 		 1.0 	 0.75 	 0.857
1.0 		 1.0 	 1.0 	 1.0
-------------------------------------------
0.85 		 0.817 	 0.942 	 0.852
=================================================================================================
                                              s20                                              
================================================================================================= 

Accuracy	Pre	Recall	F1
1.0 		 1.0 	 1.0 	 1.0
1.0 		 1.0 	 1.0 	 1.0
1.0 		 1.0 	 1.0 	 1.0
1.0 		 1.0 	 1.0 	 1.0
1.0 		 1.0 	 1.0 	 1.0
1.0 		 1.0 	 1.0 	 1.0
0.75 		 1.0 	 0.667 	 0.8
1.0 		 1.0 	 1.0 	 1.0
1.0 		 1.0 	 1.0 	 1.0
1.0 		 1.0 	 1.0 	 1.0
-------------------------------------------
0.975 		 1.0 	 0.967 	 0.98
=================================================================================================
                                              s21                                              
================================================================================================= 

Accuracy	Pre	Recall	F1
0.75 		 1.0 	 0.667 	 0.8
0.75 		 0.5 	 1.0 	 0.667
1.0 		 1.0 	 1.0 	 1.0
0.75 		 1.0 	 0.667 	 0.8
1.0 		 1.0 	 1.0 	 1.0
1.0 		 1.0 	 1.0 	 1.0
0.75 		 0.5 	 1.0 	 0.667
0.75 		 1.0 	 0.667 	 0.8
0.75 		 1.0 	 0.667 	 0.8
1.0 		 1.0 	 1.0 	 1.0
-------------------------------------------
0.85 		 0.9 	 0.867 	 0.853
=================================================================================================
                                              s22                                              
================================================================================================= 

Accuracy	Pre	Recall	F1
0.5 		 0.5 	 0.5 	 0.5
1.0 		 1.0 	 1.0 	 1.0
0.75 		 0.5 	 1.0 	 0.667
1.0 		 1.0 	 1.0 	 1.0
1.0 		 1.0 	 1.0 	 1.0
0.75 		 0.5 	 1.0 	 0.667
1.0 		 1.0 	 1.0 	 1.0
1.0 		 1.0 	 1.0 	 1.0
1.0 		 1.0 	 1.0 	 1.0
1.0 		 1.0 	 1.0 	 1.0
-------------------------------------------
0.9 		 0.85 	 0.95 	 0.883
=================================================================================================
                                              s23                                              
================================================================================================= 

Accuracy	Pre	Recall	F1
0.5 		 0.333 	 1.0 	 0.5
1.0 		 1.0 	 1.0 	 1.0
1.0 		 1.0 	 1.0 	 1.0
0.75 		 0.667 	 1.0 	 0.8
1.0 		 1.0 	 1.0 	 1.0
1.0 		 1.0 	 1.0 	 1.0
0.75 		 1.0 	 0.667 	 0.8
1.0 		 1.0 	 1.0 	 1.0
0.75 		 1.0 	 0.667 	 0.8
1.0 		 1.0 	 1.0 	 1.0
-------------------------------------------
0.875 		 0.9 	 0.933 	 0.89
=================================================================================================
                                              s24                                              
================================================================================================= 

Accuracy	Pre	Recall	F1
1.0 		 1.0 	 1.0 	 1.0
1.0 		 1.0 	 1.0 	 1.0
1.0 		 1.0 	 1.0 	 1.0
1.0 		 1.0 	 1.0 	 1.0
0.5 		 0.5 	 0.5 	 0.5
1.0 		 1.0 	 1.0 	 1.0
1.0 		 1.0 	 1.0 	 1.0
1.0 		 1.0 	 1.0 	 1.0
0.75 		 1.0 	 0.667 	 0.8
1.0 		 1.0 	 1.0 	 1.0
-------------------------------------------
0.925 		 0.95 	 0.917 	 0.93
=================================================================================================
                                              s25                                              
================================================================================================= 

Accuracy	Pre	Recall	F1
1.0 		 1.0 	 1.0 	 1.0
0.75 		 1.0 	 0.667 	 0.8
1.0 		 1.0 	 1.0 	 1.0
0.75 		 1.0 	 0.667 	 0.8
0.75 		 1.0 	 0.667 	 0.8
1.0 		 1.0 	 1.0 	 1.0
0.5 		 0.5 	 0.5 	 0.5
1.0 		 1.0 	 1.0 	 1.0
1.0 		 1.0 	 1.0 	 1.0
0.75 		 0.5 	 1.0 	 0.667
-------------------------------------------
0.85 		 0.90 	 0.85 	 0.857
=================================================================================================
                                              s26                                              
================================================================================================= 

Accuracy	Pre	Recall	F1
0.75 		 1.0 	 0.75 	 0.857
1.0 		 1.0 	 1.0 	 1.0
1.0 		 1.0 	 1.0 	 1.0
0.75 		 0.667 	 1.0 	 0.8
1.0 		 1.0 	 1.0 	 1.0
1.0 		 1.0 	 1.0 	 1.0
1.0 		 1.0 	 1.0 	 1.0
0.75 		 1.0 	 0.667 	 0.8
0.75 		 1.0 	 0.667 	 0.8
1.0 		 1.0 	 1.0 	 1.0
-------------------------------------------
0.9 		 0.967 	 0.908 	 0.926
=================================================================================================
                                              s27                                              
================================================================================================= 

Accuracy	Pre	Recall	F1
1.0 		 1.0 	 1.0 	 1.0
1.0 		 1.0 	 1.0 	 1.0
0.75 		 1.0 	 0.75 	 0.857
0.75 		 1.0 	 0.75 	 0.857
1.0 		 1.0 	 1.0 	 1.0
0.75 		 0.667 	 1.0 	 0.8
1.0 		 1.0 	 1.0 	 1.0
0.75 		 1.0 	 0.75 	 0.857
1.0 		 1.0 	 1.0 	 1.0
1.0 		 1.0 	 1.0 	 1.0
-------------------------------------------
0.9 		 0.967 	 0.925 	 0.937
=================================================================================================
                                              s28                                              
================================================================================================= 

Accuracy	Pre	Recall	F1
1.0 		 1.0 	 1.0 	 1.0
1.0 		 1.0 	 1.0 	 1.0
1.0 		 1.0 	 1.0 	 1.0
1.0 		 1.0 	 1.0 	 1.0
0.75 		 1.0 	 0.667 	 0.8
0.75 		 0.667 	 1.0 	 0.8
1.0 		 1.0 	 1.0 	 1.0
1.0 		 1.0 	 1.0 	 1.0
1.0 		 1.0 	 1.0 	 1.0
0.75 		 1.0 	 0.75 	 0.857
-------------------------------------------
0.925 		 0.967 	 0.942 	 0.946
=================================================================================================
                                              s29                                              
================================================================================================= 

Accuracy	Pre	Recall	F1
1.0 		 1.0 	 1.0 	 1.0
0.75 		 1.0 	 0.667 	 0.8
1.0 		 1.0 	 1.0 	 1.0
1.0 		 1.0 	 1.0 	 1.0
1.0 		 1.0 	 1.0 	 1.0
1.0 		 1.0 	 1.0 	 1.0
1.0 		 1.0 	 1.0 	 1.0
1.0 		 1.0 	 1.0 	 1.0
1.0 		 1.0 	 1.0 	 1.0
1.0 		 1.0 	 1.0 	 1.0
-------------------------------------------
0.975 		 1.0 	 0.967 	 0.98

=================================================================================================
                                              s30                                              
================================================================================================= 

Accuracy	Pre	Recall	F1
1.0 		 1.0 	 1.0 	 1.0
1.0 		 1.0 	 1.0 	 1.0
1.0 		 1.0 	 1.0 	 1.0
1.0 		 1.0 	 1.0 	 1.0
1.0 		 1.0 	 1.0 	 1.0
1.0 		 1.0 	 1.0 	 1.0
1.0 		 1.0 	 1.0 	 1.0
1.0 		 1.0 	 1.0 	 1.0
1.0 		 1.0 	 1.0 	 1.0
0.75 		 1.0 	 0.667 	 0.8
-------------------------------------------
0.975 		 1.0 	 0.967 	 0.98
=================================================================================================
                                              s31                                              
================================================================================================= 

Accuracy	Pre	Recall	F1
1.0 		 1.0 	 1.0 	 1.0
1.0 		 1.0 	 1.0 	 1.0
0.75 		 1.0 	 0.75 	 0.857
0.75 		 0.5 	 1.0 	 0.667
0.75 		 1.0 	 0.667 	 0.8
0.75 		 1.0 	 0.667 	 0.8
0.75 		 1.0 	 0.667 	 0.8
0.75 		 0.5 	 1.0 	 0.667
1.0 		 1.0 	 1.0 	 1.0
1.0 		 1.0 	 1.0 	 1.0
-------------------------------------------
0.85 		 0.9 	 0.875 	 0.859

=================================================================================================
                                              s32                                              
================================================================================================= 

Accuracy	Pre	Recall	F1
0.5 		 0.5 	 0.5 	 0.5
0.75 		 0.5 	 1.0 	 0.667
1.0 		 1.0 	 1.0 	 1.0
1.0 		 1.0 	 1.0 	 1.0
0.75 		 0.5 	 1.0 	 0.667
0.75 		 1.0 	 0.667 	 0.8
0.75 		 0.5 	 1.0 	 0.667
0.75 		 0.5 	 1.0 	 0.667
1.0 		 1.0 	 1.0 	 1.0
1.0 		 1.0 	 1.0 	 1.0
-------------------------------------------
0.825 		 0.75 	 0.917 	 0.797
