=================================================================================================
                                              s01                                              
================================================================================================= 

Accuracy	Pre	Recall	F1
1.0 		 1.0 	 1.0 	 1.0
1.0 		 1.0 	 1.0 	 1.0
1.0 		 1.0 	 1.0 	 1.0
1.0 		 1.0 	 1.0 	 1.0
1.0 		 1.0 	 1.0 	 1.0
1.0 		 1.0 	 1.0 	 1.0
1.0 		 1.0 	 1.0 	 1.0
1.0 		 1.0 	 1.0 	 1.0
1.0 		 1.0 	 1.0 	 1.0
0.5 		 1.0 	 0.333 	 0.5
-------------------------------------------
0.95 		 1.0 	 0.933 	 0.95

=================================================================================================
                                              s02                                              
================================================================================================= 

Accuracy	Pre	Recall	F1
1.0 		 1.0 	 1.0 	 1.0
0.75 		 0.667 	 1.0 	 0.8
1.0 		 1.0 	 1.0 	 1.0
1.0 		 1.0 	 1.0 	 1.0
1.0 		 1.0 	 1.0 	 1.0
1.0 		 1.0 	 1.0 	 1.0
1.0 		 1.0 	 1.0 	 1.0
1.0 		 1.0 	 1.0 	 1.0
1.0 		 1.0 	 1.0 	 1.0
1.0 		 1.0 	 1.0 	 1.0
-------------------------------------------
0.975 		 0.967 	 1.0 	 0.98

=================================================================================================
                                              s03                                              
================================================================================================= 

Accuracy	Pre	Recall	F1
1.0 		 1.0 	 1.0 	 1.0
1.0 		 1.0 	 1.0 	 1.0
1.0 		 1.0 	 1.0 	 1.0
1.0 		 1.0 	 1.0 	 1.0
1.0 		 1.0 	 1.0 	 1.0
1.0 		 1.0 	 1.0 	 1.0
1.0 		 1.0 	 1.0 	 1.0
1.0 		 1.0 	 1.0 	 1.0
1.0 		 1.0 	 1.0 	 1.0
1.0 		 1.0 	 1.0 	 1.0
-------------------------------------------
1.0 		 1.0 	 1.0 	 1.0

=================================================================================================
                                              s04                                              
================================================================================================= 

Accuracy	Pre	Recall	F1
0.75 		 0.5 	 1.0 	 0.667
0.5 		 0.5 	 0.5 	 0.5
0.75 		 0.5 	 1.0 	 0.667
1.0 		 1.0 	 1.0 	 1.0
1.0 		 1.0 	 1.0 	 1.0
0.75 		 0.5 	 1.0 	 0.667
1.0 		 1.0 	 1.0 	 1.0
0.5 		 0.5 	 0.5 	 0.5
0.75 		 1.0 	 0.5 	 0.667
1.0 		 1.0 	 1.0 	 1.0
-------------------------------------------
0.8 		 0.75 	 0.85 	 0.767

=================================================================================================
                                              s05                                              
================================================================================================= 

Accuracy	Pre	Recall	F1
1.0 		 1.0 	 1.0 	 1.0
1.0 		 1.0 	 1.0 	 1.0
1.0 		 1.0 	 1.0 	 1.0
1.0 		 1.0 	 1.0 	 1.0
1.0 		 1.0 	 1.0 	 1.0
1.0 		 1.0 	 1.0 	 1.0
1.0 		 1.0 	 1.0 	 1.0
0.75 		 0.5 	 1.0 	 0.667
0.75 		 1.0 	 0.667 	 0.8
1.0 		 1.0 	 1.0 	 1.0
-------------------------------------------
0.95 		 0.95 	 0.967 	 0.947

=================================================================================================
                                              s06                                              
================================================================================================= 

Accuracy	Pre	Recall	F1
0.75 		 1.0 	 0.75 	 0.857
0.75 		 1.0 	 0.75 	 0.857
0.75 		 1.0 	 0.75 	 0.857
1.0 		 1.0 	 1.0 	 1.0
0.75 		 1.0 	 0.75 	 0.857
1.0 		 1.0 	 1.0 	 1.0
0.75 		 1.0 	 0.75 	 0.857
1.0 		 1.0 	 1.0 	 1.0
0.75 		 0.667 	 1.0 	 0.8
0.75 		 1.0 	 0.75 	 0.857
-------------------------------------------
0.825 		 0.967 	 0.85 	 0.894

=================================================================================================
                                              s07                                              
================================================================================================= 

Accuracy	Pre	Recall	F1
0.75 		 1.0 	 0.667 	 0.8
1.0 		 1.0 	 1.0 	 1.0
1.0 		 1.0 	 1.0 	 1.0
1.0 		 1.0 	 1.0 	 1.0
1.0 		 1.0 	 1.0 	 1.0
0.75 		 0.667 	 1.0 	 0.8
1.0 		 1.0 	 1.0 	 1.0
1.0 		 1.0 	 1.0 	 1.0
0.75 		 1.0 	 0.75 	 0.857
1.0 		 1.0 	 1.0 	 1.0
-------------------------------------------
0.925 		 0.967 	 0.942 	 0.946

=================================================================================================
                                              s08                                              
================================================================================================= 

Accuracy	Pre	Recall	F1
1.0 		 1.0 	 1.0 	 1.0
0.75 		 1.0 	 0.667 	 0.8
1.0 		 1.0 	 1.0 	 1.0
1.0 		 1.0 	 1.0 	 1.0
1.0 		 1.0 	 1.0 	 1.0
1.0 		 1.0 	 1.0 	 1.0
1.0 		 1.0 	 1.0 	 1.0
1.0 		 1.0 	 1.0 	 1.0
1.0 		 1.0 	 1.0 	 1.0
0.75 		 1.0 	 0.75 	 0.857
-------------------------------------------
0.95 		 1.0 	 0.942 	 0.966
=================================================================================================
                                              s09                                              
================================================================================================= 

Accuracy	Pre	Recall	F1
1.0 		 1.0 	 1.0 	 1.0
1.0 		 1.0 	 1.0 	 1.0
1.0 		 1.0 	 1.0 	 1.0
1.0 		 1.0 	 1.0 	 1.0
1.0 		 1.0 	 1.0 	 1.0
1.0 		 1.0 	 1.0 	 1.0
0.5 		 0.5 	 0.5 	 0.5
1.0 		 1.0 	 1.0 	 1.0
0.75 		 1.0 	 0.667 	 0.8
1.0 		 1.0 	 1.0 	 1.0
-------------------------------------------
0.925 		 0.95 	 0.917 	 0.93
=================================================================================================
                                              s10                                              
================================================================================================= 

Accuracy	Pre	Recall	F1
0.75 		 0.5 	 1.0 	 0.667
1.0 		 1.0 	 1.0 	 1.0
1.0 		 1.0 	 1.0 	 1.0
1.0 		 1.0 	 1.0 	 1.0
1.0 		 1.0 	 1.0 	 1.0
1.0 		 1.0 	 1.0 	 1.0
1.0 		 1.0 	 1.0 	 1.0
1.0 		 1.0 	 1.0 	 1.0
1.0 		 1.0 	 1.0 	 1.0
1.0 		 1.0 	 1.0 	 1.0
-------------------------------------------
0.975 		 0.95 	 1.0 	 0.967
=================================================================================================
                                              s11                                              
================================================================================================= 

Accuracy	Pre	Recall	F1
0.75 		 0.667 	 1.0 	 0.8
0.75 		 0.667 	 1.0 	 0.8
1.0 		 1.0 	 1.0 	 1.0
0.75 		 1.0 	 0.75 	 0.857
0.5 		 0.5 	 0.5 	 0.5
0.5 		 1.0 	 0.5 	 0.667
1.0 		 1.0 	 1.0 	 1.0
1.0 		 1.0 	 1.0 	 1.0
0.75 		 1.0 	 0.667 	 0.8
1.0 		 1.0 	 1.0 	 1.0
-------------------------------------------
0.8 		 0.883 	 0.842 	 0.842

=================================================================================================
                                              s12                                              
================================================================================================= 

Accuracy	Pre	Recall	F1
1.0 		 1.0 	 1.0 	 1.0
1.0 		 1.0 	 1.0 	 1.0
1.0 		 1.0 	 1.0 	 1.0
1.0 		 1.0 	 1.0 	 1.0
0.75 		 0.5 	 1.0 	 0.667
1.0 		 1.0 	 1.0 	 1.0
1.0 		 1.0 	 1.0 	 1.0
1.0 		 1.0 	 1.0 	 1.0
1.0 		 1.0 	 1.0 	 1.0
1.0 		 1.0 	 1.0 	 1.0
-------------------------------------------
0.975 		 0.95 	 1.0 	 0.967

=================================================================================================
                                              s13                                              
================================================================================================= 

Accuracy	Pre	Recall	F1
1.0 		 1.0 	 1.0 	 1.0
0.75 		 0.5 	 1.0 	 0.667
0.75 		 0.5 	 1.0 	 0.667
1.0 		 1.0 	 1.0 	 1.0
1.0 		 1.0 	 1.0 	 1.0
0.75 		 0.5 	 1.0 	 0.667
0.75 		 0.5 	 1.0 	 0.667
0.75 		 1.0 	 0.5 	 0.667
0.75 		 1.0 	 0.5 	 0.667
1.0 		 1.0 	 1.0 	 1.0
-------------------------------------------
0.85 		 0.80 	 0.90 	 0.80
=================================================================================================
                                              s14                                              
================================================================================================= 

Accuracy	Pre	Recall	F1
1.0 		 1.0 	 1.0 	 1.0
0.75 		 0.5 	 1.0 	 0.667
1.0 		 1.0 	 1.0 	 1.0
1.0 		 1.0 	 1.0 	 1.0
1.0 		 1.0 	 1.0 	 1.0
0.75 		 0.5 	 1.0 	 0.667
1.0 		 1.0 	 1.0 	 1.0
0.75 		 0.5 	 1.0 	 0.667
0.75 		 0.5 	 1.0 	 0.667
1.0 		 1.0 	 1.0 	 1.0
-------------------------------------------
0.9 		 0.8 	 1.0 	 0.867
=================================================================================================
                                              s15                                              
================================================================================================= 

Accuracy	Pre	Recall	F1
1.0 		 1.0 	 1.0 	 1.0
1.0 		 1.0 	 1.0 	 1.0
0.75 		 0.5 	 1.0 	 0.667
0.75 		 1.0 	 0.667 	 0.8
1.0 		 1.0 	 1.0 	 1.0
1.0 		 1.0 	 1.0 	 1.0
1.0 		 1.0 	 1.0 	 1.0
0.75 		 1.0 	 0.667 	 0.8
1.0 		 1.0 	 1.0 	 1.0
1.0 		 1.0 	 1.0 	 1.0
-------------------------------------------
0.925 		 0.95 	 0.933 	 0.927
=================================================================================================
                                              s16                                              
================================================================================================= 

Accuracy	Pre	Recall	F1
1.0 		 1.0 	 1.0 	 1.0
1.0 		 1.0 	 1.0 	 1.0
1.0 		 1.0 	 1.0 	 1.0
0.5 		 0.5 	 0.5 	 0.5
0.75 		 1.0 	 0.667 	 0.8
1.0 		 1.0 	 1.0 	 1.0
0.75 		 0.5 	 1.0 	 0.667
1.0 		 1.0 	 1.0 	 1.0
1.0 		 1.0 	 1.0 	 1.0
0.75 		 0.5 	 1.0 	 0.667
-------------------------------------------
0.875 		 0.85 	 0.917 	 0.863
=================================================================================================
                                              s17                                              
================================================================================================= 

Accuracy	Pre	Recall	F1
1.0 		 1.0 	 1.0 	 1.0
1.0 		 1.0 	 1.0 	 1.0
0.75 		 1.0 	 0.667 	 0.8
0.25 		 0.25 	 0.25 	 0.25
0.75 		 1.0 	 0.667 	 0.8
1.0 		 1.0 	 1.0 	 1.0
0.5 		 1.0 	 0.5 	 0.667
1.0 		 1.0 	 1.0 	 1.0
1.0 		 1.0 	 1.0 	 1.0
1.0 		 1.0 	 1.0 	 1.0
-------------------------------------------
0.825 		 0.925 	 0.808 	 0.852
=================================================================================================
                                              s18                                              
================================================================================================= 

Accuracy	Pre	Recall	F1
1.0 		 1.0 	 1.0 	 1.0
0.75 		 0.667 	 1.0 	 0.8
1.0 		 1.0 	 1.0 	 1.0
1.0 		 1.0 	 1.0 	 1.0
1.0 		 1.0 	 1.0 	 1.0
1.0 		 1.0 	 1.0 	 1.0
1.0 		 1.0 	 1.0 	 1.0
1.0 		 1.0 	 1.0 	 1.0
1.0 		 1.0 	 1.0 	 1.0
1.0 		 1.0 	 1.0 	 1.0
-------------------------------------------
0.975 		 0.967 	 1.0 	 0.98
=================================================================================================
                                              s19                                              
================================================================================================= 

Accuracy	Pre	Recall	F1
1.0 		 1.0 	 1.0 	 1.0
1.0 		 1.0 	 1.0 	 1.0
1.0 		 1.0 	 1.0 	 1.0
1.0 		 1.0 	 1.0 	 1.0
0.75 		 0.5 	 1.0 	 0.667
0.75 		 1.0 	 0.667 	 0.8
1.0 		 1.0 	 1.0 	 1.0
1.0 		 1.0 	 1.0 	 1.0
1.0 		 1.0 	 1.0 	 1.0
1.0 		 1.0 	 1.0 	 1.0
-------------------------------------------
0.95 		 0.95 	 0.967 	 0.947
=================================================================================================
                                              s20                                              
================================================================================================= 

Accuracy	Pre	Recall	F1
1.0 		 1.0 	 1.0 	 1.0
0.75 		 1.0 	 0.667 	 0.8
1.0 		 1.0 	 1.0 	 1.0
0.75 		 0.5 	 1.0 	 0.667
0.75 		 1.0 	 0.667 	 0.8
0.75 		 1.0 	 0.667 	 0.8
0.75 		 1.0 	 0.667 	 0.8
1.0 		 1.0 	 1.0 	 1.0
1.0 		 1.0 	 1.0 	 1.0
1.0 		 1.0 	 1.0 	 1.0
-------------------------------------------
0.875 		 0.95 	 0.867 	 0.887
=================================================================================================
                                              s21                                              
================================================================================================= 

Accuracy	Pre	Recall	F1
1.0 		 1.0 	 1.0 	 1.0
0.75 		 1.0 	 0.667 	 0.8
0.75 		 1.0 	 0.667 	 0.8
0.75 		 1.0 	 0.667 	 0.8
1.0 		 1.0 	 1.0 	 1.0
1.0 		 1.0 	 1.0 	 1.0
0.75 		 0.5 	 1.0 	 0.667
1.0 		 1.0 	 1.0 	 1.0
1.0 		 1.0 	 1.0 	 1.0
1.0 		 1.0 	 1.0 	 1.0
-------------------------------------------
0.90 		 0.95 	 0.9 	 0.907
=================================================================================================
                                              s22                                              
================================================================================================= 

Accuracy	Pre	Recall	F1
0.75 		 1.0 	 0.667 	 0.8
0.75 		 1.0 	 0.667 	 0.8
0.75 		 0.5 	 1.0 	 0.667
1.0 		 1.0 	 1.0 	 1.0
1.0 		 1.0 	 1.0 	 1.0
0.75 		 0.5 	 1.0 	 0.667
1.0 		 1.0 	 1.0 	 1.0
1.0 		 1.0 	 1.0 	 1.0
1.0 		 1.0 	 1.0 	 1.0
1.0 		 1.0 	 1.0 	 1.0
-------------------------------------------
0.90 		 0.90 	 0.933 	 0.867
=================================================================================================
                                              s23                                              
================================================================================================= 

Accuracy	Pre	Recall	F1
1.0 		 1.0 	 1.0 	 1.0
1.0 		 1.0 	 1.0 	 1.0
1.0 		 1.0 	 1.0 	 1.0
0.5 		 0.667 	 0.667 	 0.667
1.0 		 1.0 	 1.0 	 1.0
1.0 		 1.0 	 1.0 	 1.0
0.75 		 1.0 	 0.667 	 0.8
1.0 		 1.0 	 1.0 	 1.0
0.75 		 1.0 	 0.667 	 0.8
1.0 		 1.0 	 1.0 	 1.0
-------------------------------------------
0.9 		 0.967 	 0.9 	 0.927
=================================================================================================
                                              s24                                              
================================================================================================= 

Accuracy	Pre	Recall	F1
1.0 		 1.0 	 1.0 	 1.0
0.75 		 0.5 	 1.0 	 0.667
1.0 		 1.0 	 1.0 	 1.0
1.0 		 1.0 	 1.0 	 1.0
0.25 		 0.25 	 0.25 	 0.25
1.0 		 1.0 	 1.0 	 1.0
0.75 		 0.5 	 1.0 	 0.667
0.75 		 1.0 	 0.667 	 0.8
0.5 		 1.0 	 0.5 	 0.667
1.0 		 1.0 	 1.0 	 1.0
-------------------------------------------
0.8 		 0.825 	 0.842 	 0.805
=================================================================================================
                                              s25                                              
================================================================================================= 

Accuracy	Pre	Recall	F1
1.0 		 1.0 	 1.0 	 1.0
1.0 		 1.0 	 1.0 	 1.0
1.0 		 1.0 	 1.0 	 1.0
1.0 		 1.0 	 1.0 	 1.0
1.0 		 1.0 	 1.0 	 1.0
1.0 		 1.0 	 1.0 	 1.0
0.75 		 0.5 	 1.0 	 0.667
1.0 		 1.0 	 1.0 	 1.0
1.0 		 1.0 	 1.0 	 1.0
1.0 		 1.0 	 1.0 	 1.0
-------------------------------------------
0.975 		 0.95 	 1.0 	 0.967
=================================================================================================
                                              s26                                              
================================================================================================= 

Accuracy	Pre	Recall	F1
0.75 		 1.0 	 0.75 	 0.857
1.0 		 1.0 	 1.0 	 1.0
1.0 		 1.0 	 1.0 	 1.0
1.0 		 1.0 	 1.0 	 1.0
1.0 		 1.0 	 1.0 	 1.0
1.0 		 1.0 	 1.0 	 1.0
0.75 		 1.0 	 0.667 	 0.8
1.0 		 1.0 	 1.0 	 1.0
0.75 		 1.0 	 0.667 	 0.8
0.75 		 0.5 	 1.0 	 0.667
-------------------------------------------
0.9 		 0.95 	 0.908 	 0.912
=================================================================================================
                                              s27                                              
================================================================================================= 

Accuracy	Pre	Recall	F1
1.0 		 1.0 	 1.0 	 1.0
1.0 		 1.0 	 1.0 	 1.0
1.0 		 1.0 	 1.0 	 1.0
0.75 		 1.0 	 0.75 	 0.857
1.0 		 1.0 	 1.0 	 1.0
0.75 		 0.667 	 1.0 	 0.8
1.0 		 1.0 	 1.0 	 1.0
1.0 		 1.0 	 1.0 	 1.0
0.75 		 1.0 	 0.75 	 0.857
0.75 		 1.0 	 0.75 	 0.857
-------------------------------------------
0.9 		 0.967 	 0.925 	 0.937
=================================================================================================
                                              s28                                              
================================================================================================= 

Accuracy	Pre	Recall	F1
0.75 		 0.5 	 1.0 	 0.667
1.0 		 1.0 	 1.0 	 1.0
1.0 		 1.0 	 1.0 	 1.0
1.0 		 1.0 	 1.0 	 1.0
1.0 		 1.0 	 1.0 	 1.0
0.75 		 0.667 	 1.0 	 0.8
1.0 		 1.0 	 1.0 	 1.0
1.0 		 1.0 	 1.0 	 1.0
0.75 		 1.0 	 0.75 	 0.857
1.0 		 1.0 	 1.0 	 1.0
-------------------------------------------
0.925 		 0.917 	 0.975 	 0.932
=================================================================================================
                                              s29                                              
================================================================================================= 

Accuracy	Pre	Recall	F1
1.0 		 1.0 	 1.0 	 1.0
1.0 		 1.0 	 1.0 	 1.0
1.0 		 1.0 	 1.0 	 1.0
1.0 		 1.0 	 1.0 	 1.0
1.0 		 1.0 	 1.0 	 1.0
1.0 		 1.0 	 1.0 	 1.0
1.0 		 1.0 	 1.0 	 1.0
1.0 		 1.0 	 1.0 	 1.0
1.0 		 1.0 	 1.0 	 1.0
1.0 		 1.0 	 1.0 	 1.0
-------------------------------------------
1.0 		 1.0 	 1.0 	 1.0
=================================================================================================
                                              s30                                              
================================================================================================= 

Accuracy	Pre	Recall	F1
0.75 		 0.667 	 1.0 	 0.8
0.75 		 0.667 	 1.0 	 0.8
0.75 		 0.667 	 1.0 	 0.8
1.0 		 1.0 	 1.0 	 1.0
1.0 		 1.0 	 1.0 	 1.0
1.0 		 1.0 	 1.0 	 1.0
1.0 		 1.0 	 1.0 	 1.0
0.75 		 1.0 	 0.667 	 0.8
0.75 		 1.0 	 0.667 	 0.8
0.75 		 1.0 	 0.667 	 0.8
-------------------------------------------
0.85 		 0.9 	 0.9 	 0.88
=================================================================================================
                                              s31                                              
================================================================================================= 

Accuracy	Pre	Recall	F1
1.0 		 1.0 	 1.0 	 1.0
1.0 		 1.0 	 1.0 	 1.0
0.75 		 1.0 	 0.75 	 0.857
1.0 		 1.0 	 1.0 	 1.0
1.0 		 1.0 	 1.0 	 1.0
1.0 		 1.0 	 1.0 	 1.0
1.0 		 1.0 	 1.0 	 1.0
1.0 		 1.0 	 1.0 	 1.0
1.0 		 1.0 	 1.0 	 1.0
1.0 		 1.0 	 1.0 	 1.0
-------------------------------------------
0.975 		 1.0 	 0.975 	 0.986
=================================================================================================
                                              s32                                              
================================================================================================= 

Accuracy	Pre	Recall	F1
0.75 		 0.5 	 1.0 	 0.667
0.5 		 0.5 	 0.5 	 0.5
1.0 		 1.0 	 1.0 	 1.0
1.0 		 1.0 	 1.0 	 1.0
1.0 		 1.0 	 1.0 	 1.0
0.75 		 0.5 	 1.0 	 0.667
1.0 		 1.0 	 1.0 	 1.0
0.75 		 0.5 	 1.0 	 0.667
1.0 		 1.0 	 1.0 	 1.0
1.0 		 1.0 	 1.0 	 1.0
-------------------------------------------
0.875 		 0.80 	 0.95 	 0.85