=================================================================================================
                                              s01                                              
================================================================================================= 

Accuracy	Pre	Recall	F1
0.75 		 0.667 	 1.0 	 0.8
1.0 		 1.0 	 1.0 	 1.0
0.75 		 1.0 	 0.75 	 0.857
1.0 		 1.0 	 1.0 	 1.0
1.0 		 1.0 	 1.0 	 1.0
1.0 		 1.0 	 1.0 	 1.0
0.75 		 1.0 	 0.667 	 0.8
1.0 		 1.0 	 1.0 	 1.0
1.0 		 1.0 	 1.0 	 1.0
1.0 		 1.0 	 1.0 	 1.0
-------------------------------------------
0.925 		 0.967 	 0.942 	 0.946

=================================================================================================
                                              s02                                              
================================================================================================= 

Accuracy	Pre	Recall	F1
0.5 		 0.333 	 1.0 	 0.5
1.0 		 1.0 	 1.0 	 1.0
1.0 		 1.0 	 1.0 	 1.0
0.75 		 1.0 	 0.75 	 0.857
0.75 		 1.0 	 0.667 	 0.8
0.5 		 1.0 	 0.5 	 0.667
1.0 		 1.0 	 1.0 	 1.0
1.0 		 1.0 	 1.0 	 1.0
1.0 		 1.0 	 1.0 	 1.0
0.75 		 1.0 	 0.667 	 0.8
-------------------------------------------
0.825 		 0.933 	 0.858 	 0.862

=================================================================================================
                                              s03                                              
================================================================================================= 

Accuracy	Pre	Recall	F1
1.0 		 1.0 	 1.0 	 1.0
1.0 		 1.0 	 1.0 	 1.0
1.0 		 1.0 	 1.0 	 1.0
1.0 		 1.0 	 1.0 	 1.0
0.75 		 1.0 	 0.667 	 0.8
0.75 		 0.667 	 1.0 	 0.8
0.75 		 1.0 	 0.667 	 0.8
1.0 		 1.0 	 1.0 	 1.0
1.0 		 1.0 	 1.0 	 1.0
1.0 		 1.0 	 1.0 	 1.0
-------------------------------------------
0.925 		 0.967 	 0.933 	 0.94
=================================================================================================
                                              s04                                              
================================================================================================= 

Accuracy	Pre	Recall	F1
1.0 		 1.0 	 1.0 	 1.0
1.0 		 1.0 	 1.0 	 1.0
1.0 		 1.0 	 1.0 	 1.0
1.0 		 1.0 	 1.0 	 1.0
1.0 		 1.0 	 1.0 	 1.0
1.0 		 1.0 	 1.0 	 1.0
1.0 		 1.0 	 1.0 	 1.0
1.0 		 1.0 	 1.0 	 1.0
1.0 		 1.0 	 1.0 	 1.0
0.75 		 0.5 	 1.0 	 0.667
-------------------------------------------
0.975 		 0.95 	 1.0 	 0.967

=================================================================================================
                                              s05                                              
================================================================================================= 

Accuracy	Pre	Recall	F1
0.5 		 0.5 	 0.5 	 0.5
1.0 		 1.0 	 1.0 	 1.0
0.75 		 0.5 	 1.0 	 0.667
0.75 		 1.0 	 0.667 	 0.8
0.75 		 0.5 	 1.0 	 0.667
1.0 		 1.0 	 1.0 	 1.0
1.0 		 1.0 	 1.0 	 1.0
0.75 		 1.0 	 0.667 	 0.8
1.0 		 1.0 	 1.0 	 1.0
1.0 		 1.0 	 1.0 	 1.0
-------------------------------------------
0.85 		 0.85 	 0.883 	 0.843
=================================================================================================
                                              s06                                              
================================================================================================= 

Accuracy	Pre	Recall	F1
1.0 		 1.0 	 1.0 	 1.0
1.0 		 1.0 	 1.0 	 1.0
0.75 		 1.0 	 0.5 	 0.667
0.75 		 0.5 	 1.0 	 0.667
0.75 		 0.5 	 1.0 	 0.667
0.75 		 0.5 	 1.0 	 0.667
1.0 		 1.0 	 1.0 	 1.0
0.25 		 0.25 	 0.25 	 0.25
1.0 		 1.0 	 1.0 	 1.0
1.0 		 1.0 	 1.0 	 1.0
-------------------------------------------
0.825 		 0.775 	 0.875 	 0.792

=================================================================================================
                                              s07                                              
================================================================================================= 

Accuracy	Pre	Recall	F1
0.75 		 1.0 	 0.667 	 0.8
0.75 		 1.0 	 0.667 	 0.8
0.75 		 1.0 	 0.667 	 0.8
1.0 		 1.0 	 1.0 	 1.0
1.0 		 1.0 	 1.0 	 1.0
1.0 		 1.0 	 1.0 	 1.0
1.0 		 1.0 	 1.0 	 1.0
0.5 		 0.667 	 0.667 	 0.667
1.0 		 1.0 	 1.0 	 1.0
0.75 		 1.0 	 0.75 	 0.857
-------------------------------------------
0.85 		 0.967 	 0.842 	 0.892
=================================================================================================
                                              s08                                              
================================================================================================= 

Accuracy	Pre	Recall	F1
1.0 		 1.0 	 1.0 	 1.0
0.75 		 0.5 	 1.0 	 0.667
0.5 		 0.5 	 0.5 	 0.5
1.0 		 1.0 	 1.0 	 1.0
0.5 		 1.0 	 0.5 	 0.667
1.0 		 1.0 	 1.0 	 1.0
0.75 		 1.0 	 0.667 	 0.8
0.75 		 0.667 	 1.0 	 0.8
0.75 		 1.0 	 0.75 	 0.857
1.0 		 1.0 	 1.0 	 1.0
-------------------------------------------
0.8 		 0.867 	 0.842 	 0.829
=================================================================================================
                                              s09                                              
================================================================================================= 

Accuracy	Pre	Recall	F1
0.75 		 0.5 	 1.0 	 0.667
0.75 		 1.0 	 0.667 	 0.8
0.75 		 0.5 	 1.0 	 0.667
1.0 		 1.0 	 1.0 	 1.0
0.75 		 1.0 	 0.667 	 0.8
0.75 		 1.0 	 0.667 	 0.8
1.0 		 1.0 	 1.0 	 1.0
1.0 		 1.0 	 1.0 	 1.0
0.75 		 0.667 	 1.0 	 0.8
0.5 		 0.667 	 0.667 	 0.667
-------------------------------------------
0.8 		 0.833 	 0.867 	 0.82
=================================================================================================
                                              s10                                              
================================================================================================= 

Accuracy	Pre	Recall	F1
1.0 		 1.0 	 1.0 	 1.0
1.0 		 1.0 	 1.0 	 1.0
1.0 		 1.0 	 1.0 	 1.0
1.0 		 1.0 	 1.0 	 1.0
1.0 		 1.0 	 1.0 	 1.0
1.0 		 1.0 	 1.0 	 1.0
1.0 		 1.0 	 1.0 	 1.0
1.0 		 1.0 	 1.0 	 1.0
1.0 		 1.0 	 1.0 	 1.0
1.0 		 1.0 	 1.0 	 1.0
-------------------------------------------
1.0 		 1.0 	 1.0 	 1.0
=================================================================================================
                                              s11                                              
================================================================================================= 

Accuracy	Pre	Recall	F1
1.0 		 1.0 	 1.0 	 1.0
0.75 		 0.667 	 1.0 	 0.8
0.75 		 1.0 	 0.5 	 0.667
1.0 		 1.0 	 1.0 	 1.0
1.0 		 1.0 	 1.0 	 1.0
0.75 		 0.5 	 1.0 	 0.667
1.0 		 1.0 	 1.0 	 1.0
0.5 		 0.5 	 0.5 	 0.5
0.5 		 1.0 	 0.5 	 0.667
0.75 		 1.0 	 0.667 	 0.8
-------------------------------------------
0.8 		 0.85 	 0.817 	 0.797
=================================================================================================
                                              s12                                              
================================================================================================= 

Accuracy	Pre	Recall	F1
1.0 		 1.0 	 1.0 	 1.0
1.0 		 1.0 	 1.0 	 1.0
1.0 		 1.0 	 1.0 	 1.0
1.0 		 1.0 	 1.0 	 1.0
1.0 		 1.0 	 1.0 	 1.0
1.0 		 1.0 	 1.0 	 1.0
1.0 		 1.0 	 1.0 	 1.0
0.75 		 1.0 	 0.75 	 0.857
1.0 		 1.0 	 1.0 	 1.0
1.0 		 1.0 	 1.0 	 1.0
-------------------------------------------
0.975 		 1.0 	 0.975 	 0.986
=================================================================================================
                                              s13                                              
================================================================================================= 

Accuracy	Pre	Recall	F1
1.0 		 1.0 	 1.0 	 1.0
1.0 		 1.0 	 1.0 	 1.0
1.0 		 1.0 	 1.0 	 1.0
1.0 		 1.0 	 1.0 	 1.0
0.75 		 1.0 	 0.75 	 0.857
1.0 		 1.0 	 1.0 	 1.0
1.0 		 1.0 	 1.0 	 1.0
1.0 		 1.0 	 1.0 	 1.0
1.0 		 1.0 	 1.0 	 1.0
1.0 		 1.0 	 1.0 	 1.0
-------------------------------------------
0.975 		 1.0 	 0.975 	 0.986
=================================================================================================
                                              s14                                              
================================================================================================= 

Accuracy	Pre	Recall	F1
1.0 		 1.0 	 1.0 	 1.0
0.75 		 1.0 	 0.667 	 0.8
1.0 		 1.0 	 1.0 	 1.0
1.0 		 1.0 	 1.0 	 1.0
1.0 		 1.0 	 1.0 	 1.0
0.75 		 1.0 	 0.75 	 0.857
0.5 		 0.667 	 0.667 	 0.667
0.75 		 0.667 	 1.0 	 0.8
1.0 		 1.0 	 1.0 	 1.0
0.75 		 1.0 	 0.75 	 0.857
-------------------------------------------
0.85 		 0.933 	 0.883 	 0.898
=================================================================================================
                                              s15                                              
================================================================================================= 

Accuracy	Pre	Recall	F1
1.0 		 1.0 	 1.0 	 1.0
0.75 		 1.0 	 0.667 	 0.8
1.0 		 1.0 	 1.0 	 1.0
1.0 		 1.0 	 1.0 	 1.0
1.0 		 1.0 	 1.0 	 1.0
0.5 		 0.5 	 0.5 	 0.5
1.0 		 1.0 	 1.0 	 1.0
1.0 		 1.0 	 1.0 	 1.0
0.75 		 0.5 	 1.0 	 0.667
1.0 		 1.0 	 1.0 	 1.0
-------------------------------------------
0.9 		 0.9 	 0.917 	 0.897
=================================================================================================
                                              s16                                              
================================================================================================= 

Accuracy	Pre	Recall	F1
1.0 		 1.0 	 1.0 	 1.0
1.0 		 1.0 	 1.0 	 1.0
1.0 		 1.0 	 1.0 	 1.0
1.0 		 1.0 	 1.0 	 1.0
0.75 		 0.5 	 1.0 	 0.667
1.0 		 1.0 	 1.0 	 1.0
1.0 		 1.0 	 1.0 	 1.0
1.0 		 1.0 	 1.0 	 1.0
1.0 		 1.0 	 1.0 	 1.0
1.0 		 1.0 	 1.0 	 1.0
-------------------------------------------
0.975 		 0.95 	 1.0 	 0.967
=================================================================================================
                                              s17                                              
================================================================================================= 

Accuracy	Pre	Recall	F1
0.75 		 1.0 	 0.667 	 0.8
1.0 		 1.0 	 1.0 	 1.0
0.75 		 0.5 	 1.0 	 0.667
1.0 		 1.0 	 1.0 	 1.0
1.0 		 1.0 	 1.0 	 1.0
1.0 		 1.0 	 1.0 	 1.0
1.0 		 1.0 	 1.0 	 1.0
1.0 		 1.0 	 1.0 	 1.0
1.0 		 1.0 	 1.0 	 1.0
0.5 		 0.667 	 0.667 	 0.667
-------------------------------------------
0.9 		 0.917 	 0.933 	 0.913
=================================================================================================
                                              s18                                              
================================================================================================= 

Accuracy	Pre	Recall	F1
1.0 		 1.0 	 1.0 	 1.0
1.0 		 1.0 	 1.0 	 1.0
1.0 		 1.0 	 1.0 	 1.0
1.0 		 1.0 	 1.0 	 1.0
0.75 		 1.0 	 0.667 	 0.8
1.0 		 1.0 	 1.0 	 1.0
1.0 		 1.0 	 1.0 	 1.0
0.75 		 0.667 	 1.0 	 0.8
1.0 		 1.0 	 1.0 	 1.0
1.0 		 1.0 	 1.0 	 1.0
-------------------------------------------
0.95 		 0.967 	 0.967 	 0.96
=================================================================================================
                                              s19                                              
================================================================================================= 

Accuracy	Pre	Recall	F1
1.0 		 1.0 	 1.0 	 1.0
0.5 		 1.0 	 0.5 	 0.667
0.75 		 1.0 	 0.667 	 0.8
1.0 		 1.0 	 1.0 	 1.0
1.0 		 1.0 	 1.0 	 1.0
1.0 		 1.0 	 1.0 	 1.0
0.75 		 1.0 	 0.75 	 0.857
1.0 		 1.0 	 1.0 	 1.0
0.5 		 0.667 	 0.667 	 0.667
1.0 		 1.0 	 1.0 	 1.0
-------------------------------------------
0.85 		 0.967 	 0.858 	 0.899
=================================================================================================
                                              s20                                              
================================================================================================= 

Accuracy	Pre	Recall	F1
1.0 		 1.0 	 1.0 	 1.0
1.0 		 1.0 	 1.0 	 1.0
0.75 		 1.0 	 0.75 	 0.857
1.0 		 1.0 	 1.0 	 1.0
1.0 		 1.0 	 1.0 	 1.0
1.0 		 1.0 	 1.0 	 1.0
0.75 		 1.0 	 0.75 	 0.857
0.75 		 1.0 	 0.75 	 0.857
1.0 		 1.0 	 1.0 	 1.0
1.0 		 1.0 	 1.0 	 1.0
-------------------------------------------
0.925 		 1.0 	 0.925 	 0.957
=================================================================================================
                                              s21                                              
================================================================================================= 

Accuracy	Pre	Recall	F1
0.75 		 1.0 	 0.75 	 0.857
1.0 		 1.0 	 1.0 	 1.0
0.75 		 1.0 	 0.75 	 0.857
1.0 		 1.0 	 1.0 	 1.0
0.75 		 1.0 	 0.75 	 0.857
1.0 		 1.0 	 1.0 	 1.0
1.0 		 1.0 	 1.0 	 1.0
1.0 		 1.0 	 1.0 	 1.0
1.0 		 1.0 	 1.0 	 1.0
1.0 		 1.0 	 1.0 	 1.0
-------------------------------------------
0.925 		 1.0 	 0.925 	 0.957
=================================================================================================
                                              s22                                              
================================================================================================= 

Accuracy	Pre	Recall	F1
1.0 		 1.0 	 1.0 	 1.0
0.5 		 1.0 	 0.5 	 0.667
1.0 		 1.0 	 1.0 	 1.0
1.0 		 1.0 	 1.0 	 1.0
0.75 		 0.5 	 1.0 	 0.667
1.0 		 1.0 	 1.0 	 1.0
1.0 		 1.0 	 1.0 	 1.0
1.0 		 1.0 	 1.0 	 1.0
1.0 		 1.0 	 1.0 	 1.0
1.0 		 1.0 	 1.0 	 1.0
-------------------------------------------
0.925 		 0.95 	 0.95 	 0.933
=================================================================================================
                                              s23                                              
================================================================================================= 

Accuracy	Pre	Recall	F1
0.75 		 0.5 	 1.0 	 0.667
1.0 		 1.0 	 1.0 	 1.0
1.0 		 1.0 	 1.0 	 1.0
1.0 		 1.0 	 1.0 	 1.0
1.0 		 1.0 	 1.0 	 1.0
1.0 		 1.0 	 1.0 	 1.0
1.0 		 1.0 	 1.0 	 1.0
0.75 		 1.0 	 0.75 	 0.857
1.0 		 1.0 	 1.0 	 1.0
1.0 		 1.0 	 1.0 	 1.0
-------------------------------------------
0.95 		 0.95 	 0.975 	 0.933
=================================================================================================
                                              s24                                              
================================================================================================= 

Accuracy	Pre	Recall	F1
1.0 		 1.0 	 1.0 	 1.0
1.0 		 1.0 	 1.0 	 1.0
1.0 		 1.0 	 1.0 	 1.0
1.0 		 1.0 	 1.0 	 1.0
0.75 		 1.0 	 0.75 	 0.857
1.0 		 1.0 	 1.0 	 1.0
0.75 		 1.0 	 0.75 	 0.857
1.0 		 1.0 	 1.0 	 1.0
0.75 		 1.0 	 0.75 	 0.857
1.0 		 1.0 	 1.0 	 1.0
-------------------------------------------
0.925 		 1.0 	 0.925 	 0.957
=================================================================================================
                                              s25                                              
================================================================================================= 

Accuracy	Pre	Recall	F1
0.75 		 1.0 	 0.667 	 0.8
1.0 		 1.0 	 1.0 	 1.0
1.0 		 1.0 	 1.0 	 1.0
0.75 		 1.0 	 0.75 	 0.857
0.75 		 1.0 	 0.75 	 0.857
1.0 		 1.0 	 1.0 	 1.0
1.0 		 1.0 	 1.0 	 1.0
0.75 		 1.0 	 0.75 	 0.857
0.75 		 1.0 	 0.75 	 0.857
1.0 		 1.0 	 1.0 	 1.0
-------------------------------------------
0.875 		 1.0 	 0.867 	 0.923
=================================================================================================
                                              s26                                              
================================================================================================= 

Accuracy	Pre	Recall	F1
1.0 		 1.0 	 1.0 	 1.0
0.75 		 0.5 	 1.0 	 0.667
0.75 		 1.0 	 0.5 	 0.667
1.0 		 1.0 	 1.0 	 1.0
0.75 		 0.5 	 1.0 	 0.667
1.0 		 1.0 	 1.0 	 1.0
1.0 		 1.0 	 1.0 	 1.0
1.0 		 1.0 	 1.0 	 1.0
1.0 		 1.0 	 1.0 	 1.0
0.75 		 1.0 	 0.667 	 0.8
-------------------------------------------
0.9 		 0.90 	 0.917 	 0.88
=================================================================================================
                                              s27                                              
================================================================================================= 

Accuracy	Pre	Recall	F1
1.0 		 1.0 	 1.0 	 1.0
0.75 		 1.0 	 0.667 	 0.8
0.5 		 1.0 	 0.5 	 0.667
1.0 		 1.0 	 1.0 	 1.0
1.0 		 1.0 	 1.0 	 1.0
1.0 		 1.0 	 1.0 	 1.0
1.0 		 1.0 	 1.0 	 1.0
1.0 		 1.0 	 1.0 	 1.0
0.5 		 0.667 	 0.667 	 0.667
1.0 		 1.0 	 1.0 	 1.0
-------------------------------------------
0.875 		 0.967 	 0.883 	 0.913
=================================================================================================
                                              s28                                              
================================================================================================= 

Accuracy	Pre	Recall	F1
1.0 		 1.0 	 1.0 	 1.0
1.0 		 1.0 	 1.0 	 1.0
0.75 		 0.5 	 1.0 	 0.667
0.75 		 0.5 	 1.0 	 0.667
1.0 		 1.0 	 1.0 	 1.0
1.0 		 1.0 	 1.0 	 1.0
0.75 		 1.0 	 0.667 	 0.8
1.0 		 1.0 	 1.0 	 1.0
1.0 		 1.0 	 1.0 	 1.0
1.0 		 1.0 	 1.0 	 1.0
-------------------------------------------
0.925 		 0.9 	 0.967 	 0.913
=================================================================================================
                                              s29                                              
================================================================================================= 

Accuracy	Pre	Recall	F1
1.0 		 1.0 	 1.0 	 1.0
1.0 		 1.0 	 1.0 	 1.0
0.75 		 1.0 	 0.667 	 0.8
1.0 		 1.0 	 1.0 	 1.0
1.0 		 1.0 	 1.0 	 1.0
0.75 		 1.0 	 0.75 	 0.857
0.5 		 0.667 	 0.667 	 0.667
1.0 		 1.0 	 1.0 	 1.0
0.5 		 0.667 	 0.667 	 0.667
1.0 		 1.0 	 1.0 	 1.0
-------------------------------------------
0.85 		 0.933 	 0.875 	 0.899
=================================================================================================
                                              s30                                              
================================================================================================= 

Accuracy	Pre	Recall	F1
0.75 		 0.5 	 1.0 	 0.667
1.0 		 1.0 	 1.0 	 1.0
1.0 		 1.0 	 1.0 	 1.0
1.0 		 1.0 	 1.0 	 1.0
1.0 		 1.0 	 1.0 	 1.0
0.75 		 1.0 	 0.667 	 0.8
1.0 		 1.0 	 1.0 	 1.0
0.75 		 0.5 	 1.0 	 0.667
1.0 		 1.0 	 1.0 	 1.0
0.5 		 1.0 	 0.5 	 0.667
-------------------------------------------
0.875 		 0.9 	 0.917 	 0.88
=================================================================================================
                                              s31                                              
================================================================================================= 

Accuracy	Pre	Recall	F1
1.0 		 1.0 	 1.0 	 1.0
1.0 		 1.0 	 1.0 	 1.0
1.0 		 1.0 	 1.0 	 1.0
1.0 		 1.0 	 1.0 	 1.0
1.0 		 1.0 	 1.0 	 1.0
1.0 		 1.0 	 1.0 	 1.0
1.0 		 1.0 	 1.0 	 1.0
1.0 		 1.0 	 1.0 	 1.0
1.0 		 1.0 	 1.0 	 1.0
1.0 		 1.0 	 1.0 	 1.0
-------------------------------------------
1.0 		 1.0 	 1.0 	 1.0
=================================================================================================
                                              s32                                              
================================================================================================= 

Accuracy	Pre	Recall	F1
0.5 		 0.5 	 0.5 	 0.5
0.5 		 1.0 	 0.5 	 0.667
1.0 		 1.0 	 1.0 	 1.0
0.75 		 0.667 	 1.0 	 0.8
1.0 		 1.0 	 1.0 	 1.0
1.0 		 1.0 	 1.0 	 1.0
1.0 		 1.0 	 1.0 	 1.0
1.0 		 1.0 	 1.0 	 1.0
1.0 		 1.0 	 1.0 	 1.0
1.0 		 1.0 	 1.0 	 1.0
-------------------------------------------
0.875 		 0.917 	 0.9 	 0.897