=================================================================================================
                                              Valence                                           
================================================================================================= 
Accuracy	 Pre	 Recall	 F1
0.95 		 1.0 	 0.933 	 0.95
0.975 		 0.967 	 1.0 	 0.98
1.0 		 1.0 	 1.0 	 1.0
0.8 		 0.75 	 0.85 	 0.767
0.95 		 0.95 	 0.967 	 0.947
0.825 		 0.967 	 0.85 	 0.894
0.925 		 0.967 	 0.942 	 0.946
0.95 		 1.0 	 0.942 	 0.966
0.925 		 0.95 	 0.917 	 0.93
0.975 		 0.95 	 1.0 	 0.967
0.8 		 0.883 	 0.842 	 0.842
0.975 		 0.95 	 1.0 	 0.967
0.85 		 0.80 	 0.90 	 0.80
0.9 		 0.8 	 1.0 	 0.867
0.925 		 0.95 	 0.933 	 0.927
0.875 		 0.85 	 0.917 	 0.863
0.825 		 0.925 	 0.808 	 0.852
0.975 		 0.967 	 1.0 	 0.98
0.95 		 0.95 	 0.967 	 0.947
0.875 		 0.95 	 0.867 	 0.887
0.90 		 0.95 	 0.9 	 0.907
0.90 		 0.90 	 0.933 	 0.867
0.9 		 0.967 	 0.9 	 0.927
0.8 		 0.825 	 0.842 	 0.805
0.975 		 0.95 	 1.0 	 0.967
0.9 		 0.95 	 0.908 	 0.912
0.9 		 0.967 	 0.925 	 0.937
0.925 		 0.917 	 0.975 	 0.932
1.0 		 1.0 	 1.0 	 1.0
0.85 		 0.9 	 0.9 	 0.88
0.975 		 1.0 	 0.975 	 0.986
0.875 		 0.80 	 0.95 	 0.85
=================================================================================================
                                             Arousal                                  
=================================================================================================
Accuracy	 Pre	 Recall	 F1
0.925 		 0.967 	 0.942 	 0.946
0.825 		 0.933 	 0.858 	 0.862
0.925 		 0.967 	 0.933 	 0.94
0.975 		 0.95 	 1.0 	 0.967
0.85 		 0.85 	 0.883 	 0.843
0.825 		 0.775 	 0.875 	 0.792
0.85 		 0.967 	 0.842 	 0.892
0.8 		 0.867 	 0.842 	 0.829
0.8 		 0.833 	 0.867 	 0.82
1.0 		 1.0 	 1.0 	 1.0
0.8 		 0.85 	 0.817 	 0.797
0.975 		 1.0 	 0.975 	 0.986
0.975 		 1.0 	 0.975 	 0.986
0.85 		 0.933 	 0.883 	 0.898
0.9 		 0.9 	 0.917 	 0.897
0.975 		 0.95 	 1.0 	 0.967
0.9 		 0.917 	 0.933 	 0.913
0.95 		 0.967 	 0.967 	 0.96
0.85 		 0.967 	 0.858 	 0.899
0.925 		 1.0 	 0.925 	 0.957
0.925 		 1.0 	 0.925 	 0.957
0.925 		 0.95 	 0.95 	 0.933
0.95 		 0.95 	 0.975 	 0.933
0.925 		 1.0 	 0.925 	 0.957
0.875 		 1.0 	 0.867 	 0.923
0.9 		 0.90 	 0.917 	 0.88
0.875 		 0.967 	 0.883 	 0.913
0.925 		 0.9 	 0.967 	 0.913
0.85 		 0.9 	 0.917 	 0.88
0.875 		 0.85 	 0.817 	 0.813
1.0 		 1.0 	 1.0 	 1.0
0.875 		 0.917 	 0.9 	 0.897


=================================================================================================
                                             Four Class                                  
=================================================================================================

Accuracy	 Pre	 Recall	 F1
0.8 		 0.792 	 0.714 	 0.739
0.65 		 0.588 	 0.46 	 0.499
0.95 		 0.917 	 0.906 	 0.91
0.675 		 0.583 	 0.461 	 0.503
0.725 		 0.713 	 0.644 	 0.664
0.75 		 0.708 	 0.599 	 0.635
0.675 		 0.596 	 0.501 	 0.53
0.8 		 0.742 	 0.693 	 0.71
0.625 		 0.55 	 0.467 	 0.494
0.875 		 0.85 	 0.817 	 0.822
0.525 		 0.492 	 0.342 	 0.39
0.775 		 0.725 	 0.642 	 0.664
0.75 		 0.717 	 0.683 	 0.668
0.775 		 0.733 	 0.657 	 0.682
0.675 		 0.683 	 0.579 	 0.601
0.65 		 0.617 	 0.525 	 0.542
0.675 		 0.679 	 0.626 	 0.631
0.975 		 0.95 	 0.95 	 0.95
0.875 		 0.858 	 0.807 	 0.82
0.75 		 0.725 	 0.669 	 0.666
0.85 		 0.808 	 0.764 	 0.772
0.5 		 0.487 	 0.417 	 0.426
0.825 		 0.817 	 0.8 	 0.794
0.775 		 0.758 	 0.733 	 0.721
0.85 		 0.825 	 0.817 	 0.804
0.8 		 0.808 	 0.768 	 0.771
0.875 		 0.767 	 0.719 	 0.739
0.875 		 0.875 	 0.829 	 0.838
0.75 		 0.667 	 0.6 	 0.622
0.8 		 0.792 	 0.722 	 0.735
0.85 		 0.808 	 0.742 	 0.764
0.6 		 0.529 	 0.432 	 0.464