=================================================================================================
                                              s01                                              
================================================================================================= 

Accuracy	Pre	Recall	F1
1.0 		 1.0 	 1.0 	 1.0
1.0 		 1.0 	 1.0 	 1.0
0.75 		 0.667 	 0.556 	 0.6
0.75 		 0.75 	 0.625 	 0.667
0.75 		 0.75 	 0.625 	 0.667
0.75 		 0.75 	 0.625 	 0.667
0.25 		 0.25 	 0.083 	 0.125
0.75 		 0.75 	 0.625 	 0.667
1.0 		 1.0 	 1.0 	 1.0
1.0 		 1.0 	 1.0 	 1.0
-------------------------------------------
0.8 		 0.792 	 0.714 	 0.739
=================================================================================================
                                              s02                                              
================================================================================================= 

Accuracy	Pre	Recall	F1
0.25 		 0.125 	 0.25 	 0.167
0.75 		 0.667 	 0.5 	 0.556
0.75 		 0.667 	 0.5 	 0.556
0.75 		 0.667 	 0.5 	 0.556
0.5 		 0.333 	 0.167 	 0.222
0.75 		 0.667 	 0.556 	 0.6
0.75 		 0.75 	 0.625 	 0.667
0.75 		 0.75 	 0.625 	 0.667
0.75 		 0.75 	 0.625 	 0.667
0.5 		 0.5 	 0.25 	 0.333
-------------------------------------------
0.65 		 0.588 	 0.46 	 0.499
=================================================================================================
                                              s03                                              
================================================================================================= 

Accuracy	Pre	Recall	F1
1.0 		 1.0 	 1.0 	 1.0
1.0 		 1.0 	 1.0 	 1.0
0.75 		 0.5 	 0.5 	 0.5
1.0 		 1.0 	 1.0 	 1.0
1.0 		 1.0 	 1.0 	 1.0
1.0 		 1.0 	 1.0 	 1.0
0.75 		 0.667 	 0.556 	 0.6
1.0 		 1.0 	 1.0 	 1.0
1.0 		 1.0 	 1.0 	 1.0
1.0 		 1.0 	 1.0 	 1.0
-------------------------------------------
0.95 		 0.917 	 0.906 	 0.91
=================================================================================================
                                              s04                                              
================================================================================================= 

Accuracy	Pre	Recall	F1
0.5 		 0.333 	 0.167 	 0.222
0.5 		 0.333 	 0.167 	 0.222
0.75 		 0.667 	 0.5 	 0.556
0.75 		 0.667 	 0.556 	 0.6
1.0 		 1.0 	 1.0 	 1.0
1.0 		 1.0 	 1.0 	 1.0
0.5 		 0.333 	 0.167 	 0.222
0.5 		 0.333 	 0.167 	 0.222
0.75 		 0.667 	 0.556 	 0.6
0.5 		 0.5 	 0.333 	 0.389
-------------------------------------------
0.675 		 0.583 	 0.461 	 0.503
=================================================================================================
                                              s05                                              
================================================================================================= 

Accuracy	Pre	Recall	F1
1.0 		 1.0 	 1.0 	 1.0
0.75 		 0.75 	 0.625 	 0.667
0.75 		 0.75 	 0.625 	 0.667
0.25 		 0.25 	 0.062 	 0.1
0.75 		 0.75 	 0.625 	 0.667
0.75 		 0.75 	 0.625 	 0.667
0.5 		 0.5 	 0.5 	 0.5
0.5 		 0.375 	 0.375 	 0.375
1.0 		 1.0 	 1.0 	 1.0
1.0 		 1.0 	 1.0 	 1.0
-------------------------------------------
0.725 		 0.713 	 0.644 	 0.664
=================================================================================================
                                              s06                                              
================================================================================================= 

Accuracy	Pre	Recall	F1
1.0 		 1.0 	 1.0 	 1.0
0.75 		 0.667 	 0.556 	 0.6
0.75 		 0.667 	 0.5 	 0.556
1.0 		 1.0 	 1.0 	 1.0
0.5 		 0.333 	 0.222 	 0.267
1.0 		 1.0 	 1.0 	 1.0
0.75 		 0.667 	 0.5 	 0.556
0.5 		 0.5 	 0.25 	 0.333
0.5 		 0.5 	 0.333 	 0.375
0.75 		 0.75 	 0.625 	 0.667
-------------------------------------------
0.75 		 0.708 	 0.599 	 0.635
=================================================================================================
                                              s07                                              
================================================================================================= 

Accuracy	Pre	Recall	F1
0.75 		 0.75 	 0.625 	 0.667
0.5 		 0.5 	 0.333 	 0.375
0.5 		 0.375 	 0.5 	 0.417
0.75 		 0.667 	 0.5 	 0.556
0.75 		 0.667 	 0.556 	 0.6
0.5 		 0.333 	 0.222 	 0.267
1.0 		 1.0 	 1.0 	 1.0
0.75 		 0.667 	 0.556 	 0.6
0.5 		 0.333 	 0.167 	 0.222
0.75 		 0.667 	 0.556 	 0.6
-------------------------------------------
0.675 		 0.596 	 0.501 	 0.53

=================================================================================================
                                              s08                                              
================================================================================================= 

Accuracy	Pre	Recall	F1
0.75 		 0.5 	 0.5 	 0.5
0.5 		 0.25 	 0.25 	 0.25
0.75 		 0.667 	 0.556 	 0.6
0.5 		 0.5 	 0.375 	 0.417
1.0 		 1.0 	 1.0 	 1.0
0.75 		 0.75 	 0.625 	 0.667
0.75 		 0.75 	 0.625 	 0.667
1.0 		 1.0 	 1.0 	 1.0
1.0 		 1.0 	 1.0 	 1.0
1.0 		 1.0 	 1.0 	 1.0
-------------------------------------------
0.8 		 0.742 	 0.693 	 0.71
=================================================================================================
                                              s09                                              
================================================================================================= 

Accuracy	Pre	Recall	F1
1.0 		 1.0 	 1.0 	 1.0
0.5 		 0.5 	 0.375 	 0.417
0.5 		 0.5 	 0.333 	 0.375
0.5 		 0.5 	 0.375 	 0.417
0.5 		 0.5 	 0.375 	 0.417
0.5 		 0.25 	 0.167 	 0.2
0.5 		 0.25 	 0.167 	 0.2
0.5 		 0.5 	 0.375 	 0.417
0.75 		 0.5 	 0.5 	 0.5
1.0 		 1.0 	 1.0 	 1.0
-------------------------------------------
0.625 		 0.55 	 0.467 	 0.494
=================================================================================================
                                              s10                                              
================================================================================================= 

Accuracy	Pre	Recall	F1
0.5 		 0.5 	 0.25 	 0.333
1.0 		 1.0 	 1.0 	 1.0
1.0 		 1.0 	 1.0 	 1.0
1.0 		 1.0 	 1.0 	 1.0
0.75 		 0.75 	 0.625 	 0.667
1.0 		 1.0 	 1.0 	 1.0
1.0 		 1.0 	 1.0 	 1.0
0.75 		 0.75 	 0.625 	 0.667
1.0 		 1.0 	 1.0 	 1.0
0.75 		 0.5 	 0.667 	 0.556
-------------------------------------------
0.875 		 0.85 	 0.817 	 0.822
=================================================================================================
                                              s11                                              
================================================================================================= 

Accuracy	Pre	Recall	F1
0.5 		 0.667 	 0.333 	 0.444
0.75 		 0.667 	 0.5 	 0.556
0.75 		 0.5 	 0.5 	 0.5
0.5 		 0.333 	 0.167 	 0.222
0.5 		 0.5 	 0.333 	 0.389
0.75 		 0.75 	 0.625 	 0.667
0.25 		 0.25 	 0.125 	 0.167
0.5 		 0.5 	 0.375 	 0.417
0.25 		 0.25 	 0.083 	 0.125
0.5 		 0.5 	 0.375 	 0.417
-------------------------------------------
0.525 		 0.492 	 0.342 	 0.39
=================================================================================================
                                              s12                                              
================================================================================================= 

Accuracy	Pre	Recall	F1
0.75 		 0.667 	 0.5 	 0.556
0.75 		 0.667 	 0.556 	 0.6
0.5 		 0.333 	 0.222 	 0.267
0.75 		 0.667 	 0.556 	 0.6
0.75 		 0.75 	 0.833 	 0.733
1.0 		 1.0 	 1.0 	 1.0
1.0 		 1.0 	 1.0 	 1.0
1.0 		 1.0 	 1.0 	 1.0
0.75 		 0.667 	 0.5 	 0.556
0.5 		 0.5 	 0.25 	 0.333
-------------------------------------------
0.775 		 0.725 	 0.642 	 0.664
=================================================================================================
                                              s13                                              
================================================================================================= 

Accuracy	Pre	Recall	F1
0.75 		 0.667 	 0.5 	 0.556
0.5 		 0.5 	 0.444 	 0.389
0.75 		 0.75 	 0.833 	 0.733
1.0 		 1.0 	 1.0 	 1.0
1.0 		 1.0 	 1.0 	 1.0
0.75 		 0.75 	 0.833 	 0.733
0.5 		 0.333 	 0.222 	 0.267
0.75 		 0.833 	 0.833 	 0.778
0.5 		 0.333 	 0.167 	 0.222
1.0 		 1.0 	 1.0 	 1.0
-------------------------------------------
0.75 		 0.717 	 0.683 	 0.668
=================================================================================================
                                              s14                                              
================================================================================================= 

Accuracy	Pre	Recall	F1
0.75 		 0.667 	 0.556 	 0.6
1.0 		 1.0 	 1.0 	 1.0
0.5 		 0.5 	 0.333 	 0.375
0.5 		 0.5 	 0.333 	 0.375
0.75 		 0.75 	 0.625 	 0.667
1.0 		 1.0 	 1.0 	 1.0
0.5 		 0.25 	 0.167 	 0.2
0.75 		 0.667 	 0.556 	 0.6
1.0 		 1.0 	 1.0 	 1.0
1.0 		 1.0 	 1.0 	 1.0
-------------------------------------------
0.775 		 0.733 	 0.657 	 0.682
=================================================================================================
                                              s15                                              
================================================================================================= 

Accuracy	Pre	Recall	F1
0.75 		 0.833 	 0.833 	 0.778
1.0 		 1.0 	 1.0 	 1.0
0.75 		 0.75 	 0.625 	 0.667
0.75 		 0.75 	 0.625 	 0.667
0.5 		 0.5 	 0.375 	 0.417
0.5 		 0.5 	 0.25 	 0.333
0.5 		 0.5 	 0.333 	 0.375
0.75 		 0.75 	 0.625 	 0.667
0.75 		 0.75 	 0.625 	 0.667
0.5 		 0.5 	 0.5 	 0.444
-------------------------------------------
0.675 		 0.683 	 0.579 	 0.601
=================================================================================================
                                              s16                                              
================================================================================================= 

Accuracy	Pre	Recall	F1
1.0 		 1.0 	 1.0 	 1.0
0.5 		 0.5 	 0.444 	 0.389
0.5 		 0.5 	 0.5 	 0.444
0.5 		 0.25 	 0.167 	 0.2
0.75 		 0.667 	 0.556 	 0.6
0.5 		 0.5 	 0.333 	 0.375
0.5 		 0.5 	 0.25 	 0.333
0.5 		 0.5 	 0.375 	 0.417
1.0 		 1.0 	 1.0 	 1.0
0.75 		 0.75 	 0.625 	 0.667
-------------------------------------------
0.65 		 0.617 	 0.525 	 0.542
=================================================================================================
                                              s17                                              
================================================================================================= 

Accuracy	Pre	Recall	F1
1.0 		 1.0 	 1.0 	 1.0
0.75 		 0.75 	 0.625 	 0.667
0.75 		 0.75 	 0.625 	 0.667
0.75 		 0.75 	 0.625 	 0.667
0.5 		 0.5 	 0.5 	 0.5
0.5 		 0.5 	 0.5 	 0.5
0.5 		 0.667 	 0.444 	 0.5
0.5 		 0.5 	 0.444 	 0.389
1.0 		 1.0 	 1.0 	 1.0
0.5 		 0.375 	 0.5 	 0.417
-------------------------------------------
0.675 		 0.679 	 0.626 	 0.631
=================================================================================================
                                              s18                                              
================================================================================================= 

Accuracy	Pre	Recall	F1
1.0 		 1.0 	 1.0 	 1.0
1.0 		 1.0 	 1.0 	 1.0
1.0 		 1.0 	 1.0 	 1.0
1.0 		 1.0 	 1.0 	 1.0
1.0 		 1.0 	 1.0 	 1.0
1.0 		 1.0 	 1.0 	 1.0
0.75 		 0.5 	 0.5 	 0.5
1.0 		 1.0 	 1.0 	 1.0
1.0 		 1.0 	 1.0 	 1.0
1.0 		 1.0 	 1.0 	 1.0
-------------------------------------------
0.975 		 0.95 	 0.95 	 0.95
=================================================================================================
                                              s19                                              
================================================================================================= 

Accuracy	Pre	Recall	F1
1.0 		 1.0 	 1.0 	 1.0
0.75 		 0.667 	 0.556 	 0.6
0.75 		 0.667 	 0.556 	 0.6
1.0 		 1.0 	 1.0 	 1.0
0.75 		 0.833 	 0.833 	 0.778
0.75 		 0.667 	 0.5 	 0.556
0.75 		 0.75 	 0.625 	 0.667
1.0 		 1.0 	 1.0 	 1.0
1.0 		 1.0 	 1.0 	 1.0
1.0 		 1.0 	 1.0 	 1.0
-------------------------------------------
0.875 		 0.858 	 0.807 	 0.82
=================================================================================================
                                              s20                                              
================================================================================================= 

Accuracy	Pre	Recall	F1
0.75 		 0.75 	 0.625 	 0.667
0.5 		 0.5 	 0.333 	 0.375
0.75 		 0.75 	 0.625 	 0.667
0.75 		 0.75 	 0.833 	 0.733
0.75 		 0.75 	 0.833 	 0.733
1.0 		 1.0 	 1.0 	 1.0
0.75 		 0.75 	 0.833 	 0.733
0.75 		 0.667 	 0.5 	 0.556
0.75 		 0.667 	 0.556 	 0.6
0.75 		 0.667 	 0.556 	 0.6
-------------------------------------------
0.75 		 0.725 	 0.669 	 0.666
=================================================================================================
                                              s21                                              
================================================================================================= 

Accuracy	Pre	Recall	F1
0.5 		 0.5 	 0.25 	 0.333
1.0 		 1.0 	 1.0 	 1.0
1.0 		 1.0 	 1.0 	 1.0
0.75 		 0.667 	 0.556 	 0.6
0.75 		 0.667 	 0.5 	 0.556
1.0 		 1.0 	 1.0 	 1.0
0.75 		 0.75 	 0.833 	 0.733
1.0 		 1.0 	 1.0 	 1.0
1.0 		 1.0 	 1.0 	 1.0
0.75 		 0.5 	 0.5 	 0.5
-------------------------------------------
0.85 		 0.808 	 0.764 	 0.772
=================================================================================================
                                              s22                                              
================================================================================================= 

Accuracy	Pre	Recall	F1
0.5 		 0.5 	 0.5 	 0.444
0.5 		 0.5 	 0.5 	 0.5
0.5 		 0.5 	 0.5 	 0.444
0.25 		 0.125 	 0.125 	 0.125
0.25 		 0.25 	 0.083 	 0.125
0.5 		 0.5 	 0.375 	 0.417
0.5 		 0.5 	 0.333 	 0.375
1.0 		 1.0 	 1.0 	 1.0
0.5 		 0.5 	 0.375 	 0.417
0.5 		 0.5 	 0.375 	 0.417
-------------------------------------------
0.5 		 0.487 	 0.417 	 0.426
=================================================================================================
                                              s23                                              
================================================================================================= 

Accuracy	Pre	Recall	F1
0.75 		 0.667 	 0.5 	 0.556
1.0 		 1.0 	 1.0 	 1.0
1.0 		 1.0 	 1.0 	 1.0
0.5 		 0.5 	 0.5 	 0.5
1.0 		 1.0 	 1.0 	 1.0
0.75 		 0.833 	 0.833 	 0.778
1.0 		 1.0 	 1.0 	 1.0
0.5 		 0.333 	 0.333 	 0.333
0.75 		 0.833 	 0.833 	 0.778
1.0 		 1.0 	 1.0 	 1.0
-------------------------------------------
0.825 		 0.817 	 0.8 	 0.794
=================================================================================================
                                              s24                                              
================================================================================================= 

Accuracy	Pre	Recall	F1
1.0 		 1.0 	 1.0 	 1.0
0.5 		 0.5 	 0.5 	 0.5
0.75 		 0.75 	 0.833 	 0.733
0.75 		 0.667 	 0.556 	 0.6
0.5 		 0.5 	 0.444 	 0.389
1.0 		 1.0 	 1.0 	 1.0
1.0 		 1.0 	 1.0 	 1.0
0.5 		 0.5 	 0.444 	 0.389
0.75 		 0.667 	 0.556 	 0.6
1.0 		 1.0 	 1.0 	 1.0
-------------------------------------------
0.775 		 0.758 	 0.733 	 0.721
=================================================================================================
                                              s25                                              
================================================================================================= 

Accuracy	Pre	Recall	F1
0.75 		 0.625 	 0.75 	 0.667
0.75 		 0.667 	 0.5 	 0.556
0.75 		 0.625 	 0.75 	 0.667
1.0 		 1.0 	 1.0 	 1.0
0.75 		 0.833 	 0.833 	 0.778
0.5 		 0.5 	 0.333 	 0.375
1.0 		 1.0 	 1.0 	 1.0
1.0 		 1.0 	 1.0 	 1.0
1.0 		 1.0 	 1.0 	 1.0
1.0 		 1.0 	 1.0 	 1.0
-------------------------------------------
0.85 		 0.825 	 0.817 	 0.804
=================================================================================================
                                              s26                                              
================================================================================================= 

Accuracy	Pre	Recall	F1
1.0 		 1.0 	 1.0 	 1.0
1.0 		 1.0 	 1.0 	 1.0
0.5 		 0.5 	 0.333 	 0.389
1.0 		 1.0 	 1.0 	 1.0
0.5 		 0.5 	 0.5 	 0.5
1.0 		 1.0 	 1.0 	 1.0
0.75 		 0.667 	 0.556 	 0.6
0.75 		 0.833 	 0.833 	 0.778
0.75 		 0.833 	 0.833 	 0.778
0.75 		 0.75 	 0.625 	 0.667
-------------------------------------------
0.8 		 0.808 	 0.768 	 0.771
=================================================================================================
                                              s27                                              
================================================================================================= 

Accuracy	Pre	Recall	F1
1.0 		 1.0 	 1.0 	 1.0
1.0 		 1.0 	 1.0 	 1.0
0.75 		 0.667 	 0.556 	 0.6
1.0 		 1.0 	 1.0 	 1.0
0.75 		 0.667 	 0.556 	 0.6
1.0 		 1.0 	 1.0 	 1.0
1.0 		 1.0 	 1.0 	 1.0
0.75 		 0.5 	 0.375 	 0.429
0.75 		 0.333 	 0.333 	 0.333
0.75 		 0.5 	 0.375 	 0.429
-------------------------------------------
0.875 		 0.767 	 0.719 	 0.739
=================================================================================================
                                              s28                                              
================================================================================================= 

Accuracy	Pre	Recall	F1
1.0 		 1.0 	 1.0 	 1.0
1.0 		 1.0 	 1.0 	 1.0
0.75 		 0.833 	 0.833 	 0.778
1.0 		 1.0 	 1.0 	 1.0
0.75 		 0.667 	 0.5 	 0.556
1.0 		 1.0 	 1.0 	 1.0
1.0 		 1.0 	 1.0 	 1.0
0.75 		 0.75 	 0.625 	 0.667
0.5 		 0.5 	 0.333 	 0.375
1.0 		 1.0 	 1.0 	 1.0
-------------------------------------------
0.875 		 0.875 	 0.829 	 0.838
=================================================================================================
                                              s29                                              
================================================================================================= 

Accuracy	Pre	Recall	F1
0.75 		 0.667 	 0.556 	 0.6
1.0 		 1.0 	 1.0 	 1.0
0.75 		 0.667 	 0.556 	 0.6
0.75 		 0.5 	 0.5 	 0.5
1.0 		 1.0 	 1.0 	 1.0
0.5 		 0.5 	 0.333 	 0.375
0.5 		 0.5 	 0.333 	 0.375
1.0 		 1.0 	 1.0 	 1.0
0.5 		 0.333 	 0.222 	 0.267
0.75 		 0.5 	 0.5 	 0.5
-------------------------------------------
0.75 		 0.667 	 0.6 	 0.622
=================================================================================================
                                              s30                                              
================================================================================================= 

Accuracy	Pre	Recall	F1
0.75 		 0.667 	 0.5 	 0.556
0.75 		 0.75 	 0.625 	 0.667
0.5 		 0.5 	 0.375 	 0.417
1.0 		 1.0 	 1.0 	 1.0
1.0 		 1.0 	 1.0 	 1.0
1.0 		 1.0 	 1.0 	 1.0
0.75 		 0.833 	 0.833 	 0.778
0.75 		 0.833 	 0.833 	 0.778
0.75 		 0.667 	 0.5 	 0.556
0.75 		 0.667 	 0.556 	 0.6
-------------------------------------------
0.8 		 0.792 	 0.722 	 0.735
=================================================================================================
                                              s31                                              
================================================================================================= 

Accuracy	Pre	Recall	F1
1.0 		 1.0 	 1.0 	 1.0
1.0 		 1.0 	 1.0 	 1.0
1.0 		 1.0 	 1.0 	 1.0
1.0 		 1.0 	 1.0 	 1.0
0.5 		 0.25 	 0.167 	 0.2
1.0 		 1.0 	 1.0 	 1.0
0.75 		 0.667 	 0.5 	 0.556
0.75 		 0.667 	 0.5 	 0.556
0.75 		 0.75 	 0.625 	 0.667
0.75 		 0.75 	 0.625 	 0.667
-------------------------------------------
0.85 		 0.808 	 0.742 	 0.764
=================================================================================================
                                              s32                                              
================================================================================================= 

Accuracy	Pre	Recall	F1
0.5 		 0.333 	 0.167 	 0.222
0.5 		 0.375 	 0.375 	 0.375
0.5 		 0.333 	 0.222 	 0.267
0.5 		 0.333 	 0.222 	 0.267
0.75 		 0.667 	 0.5 	 0.556
1.0 		 1.0 	 1.0 	 1.0
0.5 		 0.5 	 0.5 	 0.5
0.5 		 0.5 	 0.333 	 0.375
0.5 		 0.5 	 0.375 	 0.417
0.75 		 0.75 	 0.625 	 0.667
-------------------------------------------
0.6 		 0.529 	 0.432 	 0.464